102417505607403.50
108890991109129.80
127662812112837.80
129875133596926.90
137709375102819.47
137709375110747.86
137709375146718.76
142695573894016.07
147626232624519.03
149086189163356.08
160006487540262.76
162541070669455.78
163232964188995.13
165258260312107.20
167640157319164.51
176108647451089.81
200675412610427.63
202257991643383.61
208252813577786.09
211473251428042.83
248284961213092.86
255125620362925.09
260220807101500.24
269437650181629.04
273445992245301.95
273918930115435.25
278219696182606.31
284278668100175.58
294948581113800.78
302873488340941.07
314940761265996.91
334193213248079.14
336801473127072.68
336801473205022.78
340842280139071.97
342074651293728.74
356203328179613.82
359988945221804.86
399791202578771.66
413890988223731.00
418405168125826.73
420096621700290.80
427023543146648.02
434306159411558.30
435830994245446.95
439815013167149.47
452907513107790.23
452907513221484.98
460384223313788.17
475728122158138.96
496808525553324.83
510037513126811.84
530289161288623.97
544528724305092.97
546932506132915.05
548481212126856.08
567139088112865.15
568079403169582.55
573573263151785.25
591566736311888.39
592244826331116.15
593634266150505.34
609357423214953.83
611824131148789.76
629853331273565.50
632481654477561.23
643780731113097.14
661371803101283.35
694666401334491.42
697507876103619.63
703509375257469.55
721700362208592.17
728419424578666.16
731333851504695.98
742456291741843.66
743582967138128.32
743702952331671.97
751107410268459.39
763126179170089.82
773686797194708.85
781466316137386.56
786411085202754.14
793913439336382.43
800263855370667.84
800602389288468.52
804704037462179.95
837956843554475.65
858096665344173.52
860734034399771.44
878534299386457.58
880075355153906.06
903491103166580.03
911398268219617.67
958776195390194.67
961832280539441.96
981166685113405.73
982994214125873.29
986310355158260.29
991842459587106.85
992775582596207.97
