103880243109878.11
104518388575471.23
106055610221011.68
112836089238943.08
121946888860444.19
122103994351807.70
133904151354693.69
142695573135960.72
164904976343845.09
169154377220605.44
178758666413531.19
183908839155430.10
199152613105886.13
213071140171332.74
213602432112983.57
213974503161594.17
233967114143712.19
234380094603405.94
234742004314186.14
234742004525744.75
258550326198241.98
269437650440382.53
270193205203218.56
284278668301761.87
287324315238136.40
300372299591458.06
310209435113955.33
327010449227891.86
327010449548692.99
336801473597475.28
350620769163276.48
367999686262182.62
373137581115658.83
396984280212916.04
404967312108673.91
416461717128687.17
424293071326930.29
424687486464332.84
425263826328818.40
453945758349290.50
456482293384799.89
456482293578180.37
456871046331559.63
460384223111414.20
499053599177973.08
520080558110340.49
522284048284718.72
533363124361739.22
546254123422247.89
549243175454464.66
559506176354175.52
562382583121736.88
567784105275617.61
571352753117979.42
576637740391109.06
578677978590450.94
583581204236183.27
599149683350929.87
607682491180574.63
616318415643370.42
629853331132811.19
661371803291083.00
668975990146762.20
670886330386804.69
674252723269449.95
731333851222668.00
735815836101194.23
753497183217451.32
763126179268941.79
764423530303382.35
768760990144016.71
771243486142663.08
776612198618334.47
786411085115166.46
794920973325474.33
798927628358686.53
800263855696420.74
812469877777939.79
844946410121848.18
847566961561554.16
847566961585447.71
849037548241538.48
855341876202508.85
864408674400908.83
866362412446722.45
885613601169171.57
890228256228398.97
905207705277859.80
913977793100141.45
918892608200484.75
923698643357875.84
935560774111956.12
955667028284957.02
961832280102131.46
978836641328640.82
982994214110098.87
986310355214318.25
988676105482242.41
988676105581745.69
998943288333076.71
