107304349401003.31
109663353213736.53
113306414340799.53
127662812155467.16
130187347172721.19
130187347555081.64
143213151303795.50
160594018244127.44
163232964109986.09
174883568176145.02
189515767107580.12
189515767158971.50
193711006327421.50
197855977251228.71
197904816583886.73
199152613321348.83
200146461345772.25
208252813179530.52
232668625109461.07
232668625176185.43
236848862382063.00
236930781379958.68
250189385285106.62
255125620312101.55
269555399132159.50
282879114318348.28
282879114393042.20
287194096709286.82
288996231234587.09
323848130206815.32
323848130254395.41
326213588518748.23
351530440162369.21
356401591629838.63
359988945628724.37
361194255213478.55
367999686137417.23
384080914329872.37
388875201340588.97
413082880106171.37
418405168105234.52
422294374208009.85
427653658160211.13
427992830104368.49
438571031407422.20
452907513181513.14
454505347110253.81
455563512224978.73
455730993856731.30
458889106484262.14
460129470212346.18
468868295104608.12
473901580883427.52
488888112291935.50
496808525123540.27
498548222185615.20
517678399237547.25
525361683113479.98
532472558326358.25
560672299218706.16
572337884365688.03
579977556395705.07
580510726175503.85
587327921172109.02
599814919165834.63
609956325274701.52
643780731668563.91
657717831389128.87
687051228125068.04
687986102568031.88
691505122183985.57
692813473208848.11
697507876100838.47
712686604510439.47
719921851351675.24
720978012478176.28
720978012634030.60
724100989453815.15
727338137186009.46
779898477497110.48
788376313857160.11
800263855436844.95
804704037366413.02
827936539180628.00
827936539571250.53
833743918365511.45
844946410459274.25
867061858274255.71
875501767127350.88
878534299682073.39
885514539173654.35
890755827295171.48
892768447208987.48
896259087165495.73
920265619230219.60
981162480583030.10
986611199137971.99
990095516261709.99
991842459109210.46
992958791100411.21
