102981320163360.50
104518388102452.01
107304349164926.28
108890991174044.09
128053188464982.71
130353627647097.43
132447352244910.48
137709375626325.86
143900095211550.81
143900095279953.17
156184156164848.40
156184156485854.57
157898134253743.98
163232964228820.97
173696140167569.93
177510149235590.50
193711006101183.89
200269226772108.99
204235604113901.44
231403051808898.98
232534761314980.19
234155102106805.80
234742004168211.68
236456055101600.93
246387732113564.51
248284961559107.82
249111475147449.50
273445992156134.32
274765790173886.03
280661619159380.84
280797933178259.00
297330673855180.51
305747566192454.09
315846409200534.18
381543660147340.36
390209274780954.86
398336007102613.37
402889444250756.46
423485116114709.28
427992830156007.42
453124762195319.64
453945758144125.96
469457644197671.56
472672595158781.91
475728122162640.19
487578976222660.84
501158925130892.03
506460140262236.00
507517153141763.04
519289907599047.35
520080558319124.43
523628542112647.86
525252585593849.04
525926278254407.30
525926278949041.27
533201440233808.47
549243175507126.03
550392053402124.07
560672299219161.29
560802817129391.85
564933553152448.16
567979109354575.10
597961118573048.38
621333885147963.00
643780731290537.23
645171319728930.62
657572634390025.94
657572634499934.41
663099628430288.46
664704523135692.39
669330235214171.11
680853772381058.88
692813473663100.58
703711397139978.65
709753591818424.00
715079332308393.83
728066349100362.99
783558945236606.51
786411085358523.70
792368394729893.81
803192777229450.17
832048507540276.19
834417306363334.88
835653081269878.82
838038767518536.54
846251855118990.02
865921924128403.22
882053089225985.73
885514539201637.97
890755827230416.31
893082188267346.87
905095305290318.26
905129322571123.42
919783045387179.65
952391123171513.78
954384924445851.41
957987877209521.07
967522635179523.48
984950748120400.05
997660003732352.50
