102417505231788.55
102417505372575.49
103880243139351.70
140787251174732.93
144086960353771.40
182774156804783.03
188334686118446.39
202257991261781.50
209331946383704.81
215647935104865.80
216594016130512.07
225086135225875.44
227842032219954.60
231986561516670.25
253356546100630.80
253356546150045.20
255906899583316.76
259683861250208.93
284278668180469.58
286357906159923.07
287324315201203.85
294948581749230.56
300069649787977.73
305658630318741.86
309594392443932.94
328354088562550.39
335715381671217.03
356203328299180.61
361194255330089.70
366746235101687.26
373137581115734.66
376923868254042.16
402889444233935.46
404967312285218.99
407116351188514.01
408354382461976.73
413082880468790.24
423485116173280.25
433249952102075.96
450033863210937.10
453945758179231.83
469457644595325.46
473901580388751.10
476077303177815.53
477605614154834.06
487578976123149.77
490775374102138.36
490775374274356.98
492413974388624.62
492413974531190.58
493683428949283.74
501284104241408.87
504584172219979.57
505967417498474.42
506140362687723.05
515516619387743.13
516628786601202.72
522274769222519.40
544397782288627.47
544528724142506.72
549243175130042.83
571264525418771.94
576952335102324.42
578299020119091.59
579977556114420.70
599149683247802.01
599149683413023.33
683783421113204.56
709632903360300.63
721700362131740.32
724554875162255.13
726536216118632.71
742107910158150.27
755416563626933.30
764284963632042.04
795096195363743.71
795453330409874.38
795878382401127.49
826458235283161.69
826458235604726.51
838038767636496.50
853800531483843.22
854673599281377.23
854673599380958.11
866362412509686.53
870308841234081.21
873983543256006.87
896018940275416.98
896259087192124.17
899424928186473.38
914557218851647.89
919783045143669.72
935738051176244.38
935738051462577.00
955829535302013.73
957987877364320.27
964957760470697.33
982766375150178.38
986310355131121.82
998254744328726.90
