102417505334335.73
106055610157258.94
113306414121403.31
117396658169454.45
117438597318292.67
124915162256089.25
127662812714407.64
129254821370114.08
130187347199169.54
162541070122589.77
174671762248932.86
184410327137790.49
204235604385196.63
208252813172300.72
215647935119950.75
228054518152322.81
232668625137416.70
244846436151568.23
280225069270855.00
300069649207617.79
308106984899490.95
310454191118523.88
319539594578983.93
341952800169715.02
345774001281125.13
348746404423973.48
359988945280835.93
366746235158419.83
367999686321021.00
374363533329661.45
387186313551915.44
397308858429611.87
408354382239201.74
465082059136224.67
466227501600649.76
472672595281352.85
473978837215018.98
476386452321646.71
486364990110649.46
487578976234075.95
498548222108374.10
535091207104784.01
544841969520296.76
550392053116434.89
555401971231283.58
562382583288797.10
571264525517769.60
577091859330901.39
582457800272955.95
591566736319990.16
593771725126509.90
594043398207292.21
599149683187532.49
607682491238467.02
626305925378315.98
631987283406744.52
639106352405329.36
661371803565045.82
667125327217915.23
671538009501986.44
687844703464454.40
708860887125415.16
720978012115864.68
727460616182496.25
728290540213083.40
732987378260492.01
743582967438929.06
744080844213422.09
744111618415024.17
751107410311566.59
756409715365871.25
764766950375405.84
773686797260915.60
775854690189264.68
776612198158924.94
780307713114681.45
783558945247696.18
790352185372176.01
800263855743644.84
801071882145166.87
803824523387004.49
843039617874365.89
864088029680024.25
865845907116175.30
866362412878914.06
871029659691813.96
909570481108248.63
933389717164306.44
933389717251299.12
945122047334921.47
949957077494418.86
952391123516442.78
953551961620182.29
955829535541909.45
982994214438150.91
991842459246588.07
991842459282835.64
991842459373858.98
993163024480394.57
996402539132007.02
