100075100357623.66
106055610188254.03
112571729149317.33
147626232259676.27
149673275432821.61
153925503367460.61
155296524238779.92
169154377353748.18
177510149205679.83
178060486105074.70
197904816231649.18
208898303232264.52
209331946176098.26
238163265184515.16
241633719100925.02
247889291163359.31
253545920412655.00
263492694104365.06
268908366100714.36
280225069407508.34
280797933682800.70
284151821103176.46
285241161899767.04
303129987781150.47
309594392392632.03
318614657305285.61
345774001167641.99
346987419300104.10
347982043298859.88
356203328589092.83
378772748197668.01
381543660221576.26
381543660233282.76
424426699230485.95
425263826313536.04
427992830137723.87
446667759113348.20
446667759198721.69
460129470112511.93
460581703166430.49
470045158185678.55
472446118554978.99
476873067237691.30
498143404131908.86
499283581330981.51
506140362172968.99
510064144110623.00
510064144653929.33
516257727124672.95
516628786183968.34
549249535217164.81
568079403401254.86
568079403626295.03
577091859107399.00
591566736133093.71
594324319190044.72
597173782142378.40
597700047115772.73
597700047227580.17
604314812439179.91
621333885477841.95
622018493232944.40
626305925491231.62
631229305162179.40
631987283112480.85
647684066499412.20
647684066660447.98
671538009269859.80
680853772499935.00
705077862523083.46
709753591139904.39
715155736152967.84
727460616137065.96
728581698225313.68
733279489272332.37
734534344124288.36
736105066149504.86
742456291140687.30
764766950101485.12
764766950206619.27
799493037118254.22
804704037224325.56
812469877333936.52
826458235102235.03
849037548340127.11
852391417185342.30
855602001161117.10
873983543387084.85
873983543544380.91
875501767167162.55
919465042252999.16
920265619202361.25
929784486590922.16
961832280476359.80
982766375220731.10
986919540119438.44
986919540230985.63
986919540360767.59
988676105175744.57
998254744177291.05
