102417505123264.73
110765917132589.93
111681384262337.54
117396658487153.48
118365161128724.15
119026684919166.88
119498741114645.70
119611116117764.80
122627851835195.29
122793853103927.64
160631595771578.73
168112199109209.00
168112199914154.00
175584179678951.76
183691383651850.47
184410327376514.85
199568135723257.51
242190041623070.15
253545920668777.07
280225069734615.89
284151821157668.10
285241161523103.10
299490674227704.72
299692662280680.66
305658630135142.35
308056990190096.42
325918281344631.59
328354088113502.65
359988945365220.56
359988945834692.78
367999686549779.95
373137581179353.88
397308858301160.35
413082880379051.88
421251419141029.06
424293071209593.62
428026116107822.34
428026116145016.01
435830994404486.84
461009699248249.55
466227501105602.83
475728122217104.68
476873067196923.35
495390908237749.17
498548222269650.42
515516619373135.58
516421257538024.30
516628786497122.46
522078050246494.58
544841969260398.00
560672299808230.79
567218651214334.67
568121813132509.97
572804719197486.34
573573263361429.16
578677978135281.07
580510726766271.20
591134335121349.50
593634266747860.68
593771725127911.56
597961118592031.01
612217407851538.70
616318415123759.67
622018493110373.18
644375478469425.96
690445256126721.45
695721158540155.27
721700362339986.42
743605154202447.68
744080844249502.38
764423530140851.48
764766950187053.79
767090797400727.69
771243486388911.52
772027421177102.55
772027421555408.29
773686797163453.60
775647608501950.33
779898477263810.61
787448057299733.19
787760922156417.34
787760922378693.09
788874963257256.47
789835972184611.28
799353999251443.23
799493037719070.22
804704037483544.79
833786644248595.21
871712010216718.92
884259656462164.66
884826319290243.39
905129322181846.43
906471339351706.03
923474867183330.17
938084343211259.61
939409678106858.02
945122047161793.64
955829535334692.60
962693075359074.51
992366063439437.81
