100075100446479.27
104518388258142.77
109663353192402.29
110765917144096.28
130187347159736.33
135833912248803.66
143213151232772.37
149086189162897.56
159880267298634.61
163232964382936.02
171534295720658.15
171748766505790.74
183691383658924.30
205373035134296.75
206331108165170.13
212331880156115.49
213071140431689.92
246387732480999.18
247591311575700.15
248284961339334.59
250503993707707.37
266312721193418.77
273918930311996.31
280562852149355.00
287194096934823.31
288996231131451.48
306920818224203.78
323848130211291.91
344397779516164.80
345774001173379.15
347982043126282.71
348746404108550.19
348746404511904.62
351530440299485.32
356203328297540.10
356708742145031.05
383088531496016.92
396829952443398.50
404175752362789.94
413082880117037.11
423485116143334.78
425836396276774.87
426198015667740.63
446572198707149.46
453945758147395.00
458889106176245.32
468868295104859.51
469670122422624.96
475728122514340.48
477605614288865.78
503832403346552.53
505967417153396.58
516257727160991.73
523628542220592.87
525446383317287.92
536388893550453.92
544397782251147.11
544528724572540.58
548481212105062.71
549249535249384.77
550392053114905.07
550392053127059.56
560802817854420.56
564933553631015.41
575858400214177.81
579977556319500.37
594324319220787.92
597961118597314.49
621018422411450.58
638323057300415.95
640296389302803.09
671538009238310.54
671538009712351.64
715154514623616.21
720638406253543.86
728010978119956.57
741118256359901.80
747484841178970.05
765191526260126.11
781466316327542.72
788447113101750.75
795453330144431.39
798927628105166.82
802764368307826.46
807200119383546.16
807653867602815.74
812342285131728.68
812342285618254.58
833786644240399.35
833786644358760.89
842240339531328.25
865921924264248.56
871712010984437.09
890228256385373.47
891172890243313.38
906471339240110.89
910985395117667.31
961832280952179.54
981162480414608.71
993163024409158.45
