112836089167245.71
117396658222803.54
122627851462064.59
137281364138140.59
142695573405284.24
143616141159240.87
165258260226931.21
167640157664006.43
184410327139418.95
184883882193417.55
193262678166336.52
198855106216571.65
256617553473146.07
297711458143470.97
309594392101274.24
310445634233430.86
311939514566340.77
319656394375061.65
322087967312539.50
325918281200182.92
325918281229553.26
329371056140276.02
338290715625926.14
342074651237724.94
345774001414212.27
347564606169458.89
347564606827290.58
361194255249987.39
363393550416996.82
366650656305495.72
373471525319735.36
387500606286675.76
401214573307276.37
415625092215579.19
417123406498595.68
427992830493534.67
436541345189726.35
465082059342680.62
473978837700711.81
493683428840607.98
501158925551679.36
501284104107972.63
501284104119967.42
505967417570418.99
508251419104187.00
508925718374596.03
510064144646323.56
511077882475780.69
532472558628016.22
548395241118455.05
553656369267414.92
564477851519119.82
564933553426538.35
567139088165013.68
573070853496746.38
597280119440331.99
613510744132671.60
635752965241042.10
666713328122389.69
684051160146244.66
695721158787986.04
708860887597190.43
709753591296835.37
723153061312336.13
724554875457686.70
734534344758740.62
741418570124846.69
752909584240348.95
753497183108501.87
753497183850979.09
766272564107893.10
767559506763984.64
767923546120701.15
775854690158378.86
776612198326757.27
787448057231500.52
787760922203309.77
792368394351602.56
796309849360344.93
807200119533371.08
827924954726096.87
827936539490390.86
835653081888869.18
840052418302609.68
847566961237929.35
852391417126327.03
855341876524923.98
860583046485819.97
885613601655970.09
890755827255300.37
911398268282001.54
914557218265153.24
939409678174842.41
941366519198429.10
953551961312783.37
980803054481738.78
988676105260888.92
992484817354067.94
996402539104215.97
998254744300396.34
