100803031152417.53
117396658152470.64
127662812124753.09
149720314420877.83
153925503111699.73
155296524297014.35
157898134161674.54
157898134595688.31
160631595564831.74
163061073155258.60
164904976178200.42
169338279124052.53
182774156257978.08
184883882100696.69
186382757252679.15
234380094182957.91
236930781298199.46
241633719726072.49
249420279350816.47
260220807283405.31
280903690598864.05
302873488161563.28
305260427139955.84
318868292295513.49
334193213171780.33
337491743569517.63
366650656125137.52
378162833218461.40
388875201449825.56
401214573139206.34
402010932159956.44
424507928275986.85
427023543380349.63
430429762411890.49
453124762166908.72
467984196310932.46
472446118533750.62
476873067194758.45
480704953109230.44
489537808164153.11
492413974364688.75
494404564480183.59
506460140686192.37
508860646386703.07
510064144745003.35
516257727471265.88
519289907283198.09
525926278156468.35
533172258148763.49
536388893140967.39
555790640487523.26
569486726158746.96
571264525422787.27
576637740395958.59
591134335199474.99
597961118205332.20
598188631606143.94
611824131405481.43
612217407192920.94
643780731252050.75
645171319329321.73
655015427108649.75
655015427669266.45
666713328622762.10
678331562206769.15
700769920283580.79
705077862462465.26
705077862785383.00
717732308203551.01
720735142238995.67
726536216276210.15
735952744230583.16
742107910279749.21
744111618249804.84
745820413491600.58
764423530679158.16
765191526914811.48
773516741798902.80
779898477540286.27
789835972301148.28
796309849232879.40
804704037112841.80
804704037288250.62
829088534127698.18
829708620747081.03
833786644212595.39
838515118344784.81
864780379293196.38
885613601446377.70
905095305352695.15
914557218244552.44
914803330171156.35
935560774108296.33
939409678858346.38
941366519491789.15
964957760108408.41
967522635323774.89
978017109165094.30
979709064439730.91
984950748339124.59
