101156577503261.77
101596937533138.66
107019140203832.90
124915162137511.78
130187347367877.30
137281364268767.18
138759230369643.55
143213151572740.74
149720314360094.80
154586988106962.07
156184156292131.75
167002917109883.84
220072911431512.29
227842032124177.93
232668625107657.01
232668625493042.00
233967114276397.20
234155102130966.41
236848862447452.82
250189385126530.34
257911652430329.00
266711588462691.70
269437650360700.35
270329525434034.38
275115779198784.06
280797933375227.43
308106984710063.11
317453153153371.29
334193213247156.05
345774001174026.83
351530440356474.72
375649427192798.39
388235755101715.16
391123961408986.43
396829952264941.63
398336007599690.81
401214573554744.21
415945167207715.34
420096621125316.80
422294374156756.76
424687486729680.65
433249952279052.98
438571031474174.22
438571031873591.05
473978837712631.08
486364990514820.65
496863696647581.21
511077882121027.99
516421257171255.20
553656369473303.21
554268365194317.23
555790640113136.62
557278620210558.12
560672299125706.88
567139088138842.65
576488475182163.66
597961118113689.37
599149683545088.89
601866754557066.47
611824131367283.34
613510744129939.32
621333885385235.21
643780731368038.27
663099628169491.55
694666401195553.11
697507876310848.38
700404816386823.66
712104267131132.56
714573514167541.12
723153061209748.40
723153061694111.50
725651968310057.56
728419424125438.90
732987378120292.78
732987378180826.02
733279489197025.95
742456291285599.23
763126179293059.52
766272564375683.61
779898477149434.76
779898477366372.12
800263855146098.73
804704037114265.81
807653867154904.22
813061542190129.74
827936539172052.77
833786644446253.47
835653081659767.45
842240339517306.22
858096665513250.11
872643567666353.18
874448514338335.24
876982608125743.00
893441803390244.98
905095305127650.60
911398268116988.28
953551961310603.07
954384924312396.77
969405609225878.74
992958791469027.73
