100075100131314.31
111374881105937.07
111681384288612.26
112836089811250.79
117438597155295.48
119016727251875.37
127662812158688.54
149673275376002.81
150753271739087.57
157898134196661.96
174671762209891.69
177731427356804.84
182774156206012.86
183691383558658.60
200675412294843.10
202824367371596.79
236930781643828.47
242612545159813.71
249111475712062.11
272709278982203.72
275115779778362.20
280225069102058.29
281436615641881.12
308056990530919.95
309594392911922.23
310719616474922.19
326213588119888.11
326213588304305.90
335715381454221.57
336801473105409.85
341952800823461.08
359988945416412.82
378497248127866.09
383373004204806.29
407116351568319.93
417123406126969.57
420096621161037.84
436541345800393.35
444632472296112.28
451898397527710.97
458314948204594.53
471857970143888.46
473901580763274.42
488888112350677.54
492413974314667.03
499053599179717.70
503122533755242.54
506140362596536.11
516628786299513.72
523628542128377.42
525926278211567.83
540275431677301.33
541413187122011.21
555401971331624.24
576488475138790.61
589037736308980.42
591134335288377.06
622018493185080.80
624782179106656.00
636087692372554.70
643780731268613.92
650616593892012.33
650825130162686.10
661371803288414.94
687986102142430.06
690445256576125.89
708860887147828.26
709632903137832.00
720735142100017.05
728066349100708.17
728066349333369.59
751107410338146.77
799493037161308.28
807200119586620.63
812469877386439.81
813061542391251.49
815870915439485.20
816562775739778.91
827692583112482.49
855341876112622.12
864780379479939.66
885514539210747.75
885514539249090.20
885613601223450.01
890755827258671.78
896018940577240.60
901355839231592.42
905207705153447.56
907135169159708.12
911398268296402.69
924747060261272.21
938586701132957.98
949634743193358.46
957725074139581.61
961832280654045.30
968882645292921.16
980803054243422.88
981166685275057.00
982994214323542.07
995876448118274.18
