104518388468274.99
134053382374919.72
134053382389896.95
150391254139442.27
156184156346198.44
167002917135739.33
171346863189599.52
173696140207132.61
173696140564944.46
183691383447515.04
208898303271564.71
209331946123599.85
213974503203189.16
220072911342592.48
225300737700587.55
241633719409248.49
248284961337911.56
251687419459447.09
259683861115507.38
280661619220219.67
281506639171508.98
281506639535215.99
285241161272919.36
302257891350962.23
304435923102953.70
317453153195307.16
318614657112057.62
319539594380397.74
344397779319740.28
345774001337716.88
347564606590684.87
374363533101343.18
390772134936750.77
391123961129731.10
397308858184319.86
415625092574701.39
425836396431087.93
426827475257001.00
431781818111030.02
436541345112952.25
439815013264094.89
452907513543132.80
452907513643338.62
455730993109538.98
456482293178422.30
470045158137974.34
473978837193069.25
476077303136320.61
476077303783431.22
476386452608919.24
476873067473924.58
503012100537215.22
510037513360313.25
522274769277767.79
532377979185016.67
532377979305313.67
536388893172738.30
541413187146145.15
556537470321764.66
564477851100116.56
570950541643818.76
573573263405143.11
578677978280747.48
596735948138716.96
599199529106864.33
604314812527166.20
614497745143590.77
629853331113084.08
631987283173666.95
666713328109658.14
670886330511111.31
689530017308489.15
695721158135444.86
709632903614012.60
711042412200759.45
715154514339478.47
720735142127312.89
724554875206908.86
726536216307379.47
731333851343173.25
734534344289991.22
745820413216633.77
765191526129334.97
767090797128918.98
771243486443556.23
781466316232015.80
786411085260647.07
788376313731747.52
792126435107290.33
833786644409699.19
840052418669106.12
860734034246643.90
867061858545280.09
883906066458065.20
893082188175081.69
896018940417529.04
909570481395066.56
944771490491534.95
947687206588381.77
996402539293075.96
