107304349156777.06
108890991251957.18
112571729127905.72
121001410175473.79
124915162447379.36
129551756936483.07
129875133100621.25
135196155209203.59
137281364444634.09
147626232151747.51
147626232246931.80
150753271207788.81
154586988773737.82
160006487100887.63
167002917353950.19
174883568328891.82
178758666318543.89
183691383122539.73
189515767192521.83
190193297129597.22
206331108543332.70
211473251262005.31
227024004408170.16
251687419444494.19
255125620188208.45
255906899231563.79
259683861477361.72
275411499700659.83
276903838249258.99
280797933601983.65
282441191222190.89
323848130105849.36
323848130325235.76
349996174260019.38
356708742118315.30
359988945120318.75
360321320570225.59
367999686363567.11
373471525342415.26
375649427431629.49
396829952687354.04
439202619688767.51
452907513308528.17
453945758182718.33
472953771112066.66
485692569336229.83
496808525209051.29
508251419294710.56
511077882103040.80
516628786322586.31
527367550368751.51
568750929280409.57
571352753155447.79
572804719183364.51
572884241101887.33
585432648181402.01
589037736510262.68
590474012116539.28
593771725239088.47
597961118105980.90
607682491100434.41
631229305110092.64
636087692382090.58
638323057137756.88
645141474194818.87
650275710114675.40
666713328115396.72
670886330334807.59
696762410392296.73
709632903108592.96
714573514129381.86
720638406250511.25
721700362160874.05
728010978200534.99
740892337389816.78
742107910174565.21
743582967102874.95
756409715449736.51
795878382328540.74
799493037140360.99
802764368199912.54
802764368807092.64
813920518555321.81
832048507227040.17
835653081113433.07
835653081626646.95
847566961278261.87
875501767144004.78
877847577104688.42
884259656308991.18
884563373521271.19
893441803873231.34
901355839352232.02
903491103135659.47
924747060154719.01
930363959507660.57
933389717558613.30
944771490186350.65
951461889175310.07
962693075504354.58
