111374881302554.72
119016727119068.70
122793853343020.07
130187347511140.58
135196155479577.52
151020112602757.48
160594018895945.55
162015601866118.64
167519799241765.06
167519799411619.08
171748766114690.91
177510149414270.50
178060486121944.29
197435531258377.31
225300737573115.48
226296901870454.91
234742004617243.63
236848862216204.26
252146182803364.87
275115779122585.07
328354088176232.18
335715381228491.52
337491743534616.27
342896477251960.54
342896477514921.04
342896477898513.92
351530440118316.61
359988945477735.19
366650656630547.42
373740433287721.13
378772748342311.67
388875201100445.81
413082880869091.28
424426699235293.29
428026116399884.67
428026116418630.79
433249952319003.74
446101021551869.22
455563512642597.73
455730993234031.34
466227501222441.51
470045158202432.69
476386452237675.91
487578976321162.09
494404564675559.57
503832403249613.19
520080558284458.29
532472558207182.56
533363124649060.59
544528724317308.30
550920165105562.87
556537470107346.81
570950541238853.48
571264525177997.36
575858400204369.53
579716532122535.25
591134335349486.85
624782179188351.89
629853331194223.25
650275710664957.33
655015427549710.70
657572634147114.59
672665835140580.22
700404816147521.35
705077862479354.41
708860887187161.40
723153061127850.00
728066349353254.49
728581698201883.37
735815836108548.08
742325919250009.77
743702952234875.09
747484841520257.07
749024226261131.03
775854690511916.68
802764368168819.37
802764368662199.45
807200119328370.13
812342285726430.54
816562775119938.14
832048507138820.70
832048507195927.04
856453112258573.36
856453112402408.05
858096665109331.34
864408674238858.28
864780379912240.90
870308841135426.16
896259087121031.60
914803330834441.21
937277590640437.00
944771490128840.53
945122047603949.93
952093581763356.72
953276484168941.55
957987877617968.89
966461342212582.91
968882645169606.51
982766375128967.13
984950748193133.90
