108262806308214.64
112836089567072.53
117228782139600.92
122103994127251.72
122627851806807.11
124915162142553.27
124915162494115.08
133904151431862.25
162541070116728.23
174878306118300.85
174883568213577.77
184410327463610.85
184883882188872.48
197855977204486.35
226296901168407.91
234155102323320.59
246578626770143.26
247889291224947.00
247889291557624.43
248284961555103.95
251687419100692.84
257911652106055.33
269437650157480.78
270329525116861.89
270329525453357.45
274765790291964.03
281506639110739.98
318868292256969.32
331804862401923.34
366650656209919.82
373471525249358.27
375641375225182.66
375890823324831.03
390209274300202.55
413890988189675.59
421251419377057.14
423485116224458.62
436541345266451.36
446667759685474.40
458314948265357.35
470045158169903.29
471857970416986.53
476386452290542.86
504584172166090.40
506460140235506.48
510037513815480.38
516421257854060.69
516628786112904.47
522078050401671.58
523628542205495.31
525926278369569.36
526668130424938.90
530289161451098.11
536388893207793.55
546254123703032.70
550920165151043.41
562382583168903.03
564933553237401.11
575858400290629.46
591566736789129.37
596735948102621.29
612217407290787.09
635752965223150.71
668975990271860.75
671538009285118.92
694666401108183.35
695721158140088.57
700769920273882.81
712104267349524.00
728010978551843.94
728066349836216.34
728581698282658.52
735815836119571.36
735815836177113.46
744080844365833.86
744719160424565.82
768760990165055.51
773686797327012.16
780307713240322.17
788874963106697.88
788874963546819.51
795878382813859.63
802764368321822.95
811375238275933.50
812469877563427.54
838515118257755.52
853800531400152.53
855602001144274.57
856453112143272.60
858732508421550.12
860583046274952.60
860583046749663.60
908450089272349.36
909570481144099.82
910985395240770.56
925380943362076.18
941366519261551.79
981162480332004.72
995876448388974.94
997918938850620.17
