102417505177410.99
108262806375719.89
113306414396417.95
113959481100665.69
117438597726431.57
124915162154679.18
124915162696251.18
129551756108275.60
145294573152406.25
149086189504465.23
156101978662895.61
174671762119967.67
177731427526635.20
179762367515415.64
211473251530498.18
213602432456361.90
225086135123052.32
225086135267343.00
228054518351475.09
234380094140395.53
241633719648579.77
242612545577954.00
248284961394238.77
266312721607359.97
289120238150844.33
300585303574539.83
305658630325684.27
306920818504444.48
314940761121617.43
342074651155535.30
346987419228366.19
356708742194951.47
381816324103489.68
416461717189241.84
427653658154048.17
435830994366564.90
453124762399722.50
455563512273158.91
468868295515045.18
469670122587483.09
487578976232984.13
503122533264102.62
508739487563739.28
509446156125972.75
533363124121758.85
541413187721293.70
560162315753316.72
578677978104213.77
579977556222480.49
582457800212264.23
591755775204296.54
609956325223526.58
612217407197448.38
612217407264000.38
635752965100136.66
647684066178250.15
647684066355984.92
667125327126203.21
669330235262717.72
678331562781425.89
709632903503192.58
719921851144629.40
721700362501300.41
722593429567655.52
734534344114858.22
734534344487729.41
740892337130163.63
756409715154915.34
775854690431851.99
792368394427899.04
795453330158474.96
795453330299810.30
827692583142099.95
838515118807684.49
842240339177282.40
855602001192437.23
861673124242341.83
864088029151038.87
864408674790603.31
865845907313374.00
877735379238806.22
878061989508751.00
884259656204954.76
884826319655211.00
885514539304813.17
893441803186166.42
893441803680675.95
901355839336057.07
903491103464559.11
907135169173288.26
918892608680045.41
919002406250547.17
938193381114007.80
938193381251727.10
941706245327924.84
949957077270754.06
949957077659479.33
980803054588173.87
996402539100721.93
998254744767083.54
