102260703219268.57
102260703533356.43
102981320152465.97
129551756295044.29
130187347122268.36
131320092143622.08
132524384172403.65
140787251746815.91
145294573510131.05
147626232401844.10
160594018198483.59
162015601170951.29
162541070636842.37
167640157179674.64
169338279191422.53
178758666270470.14
213974503961959.51
226296901164593.04
231403051142577.59
232534761242381.88
236930781265603.44
246395504265585.60
246921183280541.30
247591311350411.47
253356546119960.66
269437650171268.11
297711458402577.88
305260427181961.85
310719616118974.73
319539594288009.48
342074651319463.07
367999686136731.18
373777889608710.97
381543660235492.57
418405168100620.69
456871046277591.30
460129470361416.46
470045158266281.59
473901580438015.60
487578976180778.17
488775063443877.77
488888112113852.73
491246623112879.97
508860646310173.69
509446156208873.95
510332426231078.87
532472558259898.09
553656369158007.94
568079403339930.93
572337884153116.92
574605206432118.86
579716532194886.32
616318415295247.16
628095494887347.27
631987283117589.30
645171319488001.48
655015427133419.26
657717831348797.58
670886330148904.54
674252723464949.72
674269389121399.87
691505122256069.74
694666401299994.09
695721158428903.29
708860887219833.89
715745746135049.45
717732308643907.46
741118256131506.50
741118256165966.60
766272564530991.18
767090797346598.32
767090797611024.02
767923546651940.46
773686797103979.00
785197350457785.55
787277561140470.03
796309849172786.26
799447416429591.24
812342285380723.59
813061542368138.41
832048507590540.06
856453112132529.22
871712010278058.88
877847577211265.97
880075355775243.05
882234971230462.61
892000970233751.52
901355839222494.18
905095305318383.37
905129322130554.66
908450089156322.49
914803330244020.07
923698643152967.22
938586701575175.70
939409678160420.62
958140136389308.97
962693075441201.01
986919540255682.45
993893498354788.96
998943288696340.04
