112571729663825.78
119498741592132.69
128053188289144.78
129875133246046.00
130353627227337.07
133904151362650.40
134053382100082.31
139315404102338.94
147626232139636.26
147626232169723.81
149673275540246.36
160594018124764.42
168112199180959.90
168112199625207.78
169338279129987.00
193711006125966.18
202824367193891.42
209331946641237.15
213071140120760.34
213602432809820.44
220072911113189.42
225300737171432.16
242190041609916.63
253356546521384.82
272709278307540.61
273918930226566.49
280661619220468.42
286547825228140.98
299490674904414.25
305260427179051.98
310445634585402.04
335715381183998.03
337491743229037.03
348746404123715.13
360321320134122.38
419600217128578.87
420541052693781.62
451898397234663.80
456871046309683.07
470045158845706.15
480704953135817.82
496863696279085.05
502176650384311.70
511077882724630.99
526668130287549.44
526668130463261.37
532377979298131.00
548481212431692.69
557278620525534.81
568079403324940.78
573573263113430.00
573573263161677.75
591134335227603.92
621333885125803.76
635752965380215.08
672665835132837.01
674269389133067.47
687986102299047.90
695721158351817.35
700769920544291.51
705077862117555.30
709632903419651.11
712104267663110.41
720735142292001.99
728010978545501.59
734534344495629.75
741714598353444.57
743582967277087.77
744111618304323.37
746772132119812.14
774369338589719.45
788376313486736.41
799493037127898.95
800263855259782.34
801071882298335.20
802764368159704.90
807200119390030.26
811375238828433.28
837956843112157.17
845007025109781.45
856453112195243.38
864088029101170.54
873983543212561.03
876982608377875.97
878534299192571.22
885613601224496.56
891172890106744.56
895334626528630.30
896259087273056.77
903491103111283.60
909570481571780.00
924705809254340.36
933385473710861.80
941366519246521.88
947336821166175.32
951461889379502.23
958140136544565.09
978008602382434.13
978017109101006.21
998943288327860.58
