101156577452479.16
117228782766886.58
130353627349206.44
135196155324404.19
139450583358730.00
147626232425323.97
147626232515828.56
153925503101729.33
157898134108519.71
162015601102100.73
162015601177745.69
165258260457129.55
167002917310382.81
184410327243962.80
184883882342347.22
213071140770838.01
213974503375773.82
231986561399705.99
233179776719079.99
242612545383953.64
263492694120238.65
270193205593830.03
273445992551953.20
280562852428093.29
280903690138032.98
281436615294329.88
282441191249843.94
307552687123846.49
318614657137988.71
347982043371334.19
350620769176429.89
361194255654344.00
367999686228361.08
375468241430988.91
375641375260189.72
375890823685691.76
378330817732287.78
387186313131282.38
390209274128029.69
402010932362698.62
413890988218639.92
418405168237937.57
450033863117624.42
458314948134980.40
458314948136333.54
462764033222705.51
469670122182029.71
486364990230069.09
493683428184480.07
503122533100248.12
504584172129753.28
510064144105531.93
511077882493398.62
515516619183007.17
548129152460070.21
555790640254161.13
566125962177783.66
567546933874328.32
567784105166504.05
579977556223427.53
591386815109032.61
597173782164361.33
599149683784505.47
609956325643663.90
612217407113360.43
613510744379504.62
616044848136101.84
628095494173509.14
666163731807526.21
668975990439320.01
669330235165618.85
670886330192433.01
687986102132431.98
688045796169236.65
709632903292585.40
717732308260549.34
717732308358790.48
736105066217688.13
737774362127636.90
742107910208496.37
767090797107072.17
774369338413177.80
788447113179621.10
807653867162786.67
811375238214040.41
827924954448608.17
835653081263099.85
844946410255335.37
855602001432472.18
858096665664683.62
860734034109513.87
882053089134246.06
890755827237267.13
914557218159158.06
914803330116579.47
919465042596004.37
919783045420979.87
933385473343542.51
952391123221753.64
952391123557106.48
