101596937387664.25
113306414133427.35
122627851415066.90
129875133461293.36
132447352112104.94
143213151293525.70
147626232311152.04
149720314384931.14
155306319287869.80
159509387128178.64
165258260507896.20
168112199284737.31
179762367195854.98
188334686206030.43
193711006129101.00
216594016631334.09
232668625103184.91
233179776209512.46
234380094164790.58
270329525377085.77
280903690461584.32
300372299126566.90
302257891112875.44
310209435322423.40
310445634665140.57
348746404397143.95
356203328217938.83
363393550144261.30
363393550251008.97
364950395173466.81
375890823204929.53
378330817256867.49
398336007382521.95
402889444111180.47
407116351164053.65
413890988129436.48
424687486150517.11
428026116139948.93
466227501188331.98
466227501428449.46
489537808285276.48
490775374394601.37
498548222112915.66
499283581236078.00
501158925239192.96
501284104527193.14
522078050228340.62
549243175147726.76
549249535111742.15
550920165156612.98
573573263287221.33
576637740228766.43
576952335124538.59
591386815140162.69
596735948417420.58
599149683263739.36
629853331242608.19
632295008158544.83
650616593140311.90
670886330240766.12
700404816295345.83
712104267225281.80
717732308338656.20
720735142105252.58
728010978644573.57
732987378477840.40
734534344174103.22
742325919104138.41
744080844567945.84
744111618201003.42
763126179203535.31
767560600168297.61
772027421472500.05
772153147293009.68
788874963677818.32
795096195276971.73
811375238527148.12
848909968114677.38
848909968812531.16
852391417679393.81
855602001126664.39
865845907149211.97
873983543372034.24
890755827236860.16
892768447100594.90
892768447391242.48
893082188969619.25
905129322116447.72
919002406584385.69
919465042225757.22
919783045302145.02
923474867186258.95
924705809126033.96
924705809366712.25
952093581567228.33
953276484124385.50
957987877686833.01
986919540213318.61
990095516591606.23
993163024136233.73
