101596937455765.15
103880243184939.91
107304349222088.45
109663353592902.83
122627851171285.48
128053188227132.17
128053188561339.33
138693034105527.13
152798968104068.72
155306319120523.76
167519799102829.00
183691383110913.34
199152613322255.63
208252813633907.27
211473251120638.46
213974503224779.42
255125620462733.96
270193205327090.51
272709278172516.54
287324315300310.01
299490674880490.51
319539594379157.03
329371056119910.82
342074651921084.72
342896477185155.71
356401591100253.97
366650656229870.00
367999686162009.00
373137581640081.88
376923868110252.10
378330817143937.88
383088531115316.56
404175752808988.38
415945167814506.91
419600217226652.92
422294374385574.19
427653658199748.32
456482293527445.43
462764033272637.34
467196963135655.57
476077303159178.29
477743286215430.55
485170462172944.71
495390908390055.61
498548222588526.20
509446156208331.65
518109934279224.30
536388893315007.71
544397782188708.19
550392053405514.54
554268365479947.79
555415591233053.75
556537470977499.18
557278620286211.21
567979109171155.19
570950541159125.50
572804719211960.39
582433833105252.98
594043398134591.26
596116932104906.09
599149683463511.39
607682491138577.85
607784672292631.53
611824131523354.50
621333885493360.85
636087692116928.70
643780731860954.14
645171319591547.69
670886330260382.21
688045796292959.00
690445256279050.20
697507876270020.43
703509375117905.22
712104267580053.60
724100989172125.21
735416192182553.40
735416192298420.76
737774362760144.45
741714598257006.43
742325919514711.55
747484841264730.65
749024226442693.61
751107410979174.88
756409715214788.43
776612198538942.03
776612198547882.55
787760922151730.09
807653867189245.75
827936539337603.17
832048507198069.54
846251855637466.92
847566961429388.09
872643567113934.97
878534299154498.73
892768447177581.98
937277590616889.66
938193381119993.08
957725074303698.82
978017109605977.56
992484817106891.21
