104518388466181.30
111374881163107.10
112571729345749.43
113306414188309.69
118365161214351.02
118365161421345.99
119498741465119.57
124915162165127.43
143616141269768.41
149673275559570.13
151926654174324.51
151926654313401.79
151926654448082.81
167002917115495.60
167519799131785.44
167519799230942.49
188334686380706.40
199568135500848.38
200269226387021.50
209331946284132.60
234380094401457.86
273918930236159.90
280562852555804.76
282441191133237.95
299490674274016.40
300372299303252.79
302873488501008.00
305658630120930.81
311939514598704.49
315846409719164.45
366746235112069.22
373137581624342.19
378330817124362.46
388303403227768.96
388303403257057.77
394019296292779.88
396829952106641.28
397308858536915.09
423485116158957.94
429444957297931.47
450033863103246.63
460129470630648.23
480704953198833.39
486364990683147.66
495390908122734.99
499283581216356.78
503122533400203.89
516473646100292.14
519289907322811.45
520080558328890.90
522284048113609.71
535091207133184.95
540275431108201.71
550392053649472.00
553656369240909.65
568079403337479.98
569486726210412.24
575858400101627.52
577980947154977.72
578256628195144.80
597280119247342.68
599814919192031.87
621435036227716.52
623544731160678.02
636087692253096.94
638323057146281.09
638323057261529.56
650825130134435.00
654751100114492.77
661371803307352.86
683783421625757.35
690445256141043.25
697507876181471.32
697507876244030.44
709753591465542.91
722593429243157.21
753497183233680.50
771243486109045.26
771243486126236.92
776612198157994.86
776612198395044.50
783558945128444.32
785197350104054.62
788447113160121.72
792126435808036.43
796309849119263.64
803824523155814.33
805107938569601.92
827924954245321.33
829088534149638.00
847566961248940.00
858619365132589.67
860583046233313.43
865921924153451.24
907135169193251.68
923474867100584.43
941366519356299.58
952391123117846.42
984950748135243.08
986611199212603.25
