102981320715936.04
108890991159292.97
128053188417419.76
132447352267420.20
154586988166894.75
165258260529413.08
173696140769472.00
182774156715609.31
197904816358473.98
226296901562300.44
234742004407363.14
241633719232165.97
244846436214952.28
259683861155546.70
270329525115087.18
280661619272669.87
282879114122530.09
284228307125989.99
286357906133538.82
286547825243391.79
302257891254350.46
304435923165287.25
309594392119104.29
309594392125229.99
309594392206227.47
310445634430961.61
328354088700297.79
334960441168423.79
335715381375482.42
336801473322654.31
346987419122322.95
363393550653809.34
363593682115866.53
373471525260809.10
375641375298774.48
401214573564781.62
415945167409226.34
425263826433253.11
466227501167710.30
469457644262710.46
488888112655755.90
498112669159895.39
498548222145985.08
499053599328292.47
503012100317251.49
504584172253274.32
510332426192934.01
516257727214946.12
522274769424632.26
533201440147020.51
536388893109085.37
546932506107086.02
549249535244153.26
555415591352653.13
560162315825814.63
578299020431780.77
591134335128862.74
591755775212835.08
621967544226439.67
623544731762272.95
628095494512268.14
631229305189673.41
636087692103550.33
644375478586026.64
654751100218946.74
669330235143447.00
688045796170334.94
690445256110377.06
709632903263352.02
712104267139862.76
719921851193736.62
725651968151514.59
727460616213132.04
728010978580590.90
732987378528453.94
743605154200125.30
744719160213431.57
746772132269360.83
750482494425774.25
764423530277642.64
767090797474389.90
768760990730863.52
775854690175218.64
780564297100446.21
801071882525138.00
802764368536543.00
813920518172025.33
829088534288485.89
837956843186372.92
842240339219901.41
848909968204847.72
849037548142673.75
882053089132230.71
905207705117110.32
910985395289058.05
920265619473217.60
933389717435717.53
935560774254913.41
958776195573358.12
996402539188170.19
