102260703692534.83
103880243100450.05
104518388189825.02
107019140105901.04
109663353350829.14
118365161157407.03
119016727218248.43
121001410352355.16
129551756306256.79
129551756886890.69
134195087185346.18
137709375445977.44
159880267151111.19
164904976119091.52
167640157139869.39
171748766269797.17
193262678573165.52
197904816621002.74
211473251375504.48
225086135464783.98
227842032616469.19
228054518112642.07
231403051157574.83
246395504170017.64
246921183101082.99
253545920580251.55
269437650116004.51
274765790410454.53
282441191340004.98
286357906687576.62
287194096108170.00
294948581398042.54
317453153200075.17
318868292911895.95
356708742615425.20
361194255261519.73
363393550133870.48
375641375427887.71
404967312154408.39
406053005392593.37
418405168287711.02
426827475460783.13
450033863134184.11
454505347235490.08
456871046389206.00
469457644222669.43
475728122581022.13
476386452423132.41
486364990466564.93
486364990895143.85
496793622109932.84
498548222140488.78
501284104250133.71
510037513427852.89
516257727531235.33
532377979129952.03
544841969233822.95
546254123331563.69
567546933100665.34
567979109153482.49
568121813129961.62
571352753220199.84
572337884128698.26
573251199160036.08
574605206240347.51
594043398109900.22
597700047256963.11
607682491104083.35
607682491306397.41
624782179187152.79
654751100233836.60
655015427258376.54
668975990450167.97
688934511516461.19
720978012116508.66
726536216172129.06
733279489116203.35
735416192242293.61
741118256110653.64
742325919209282.71
746772132484021.12
747484841114731.97
772153147126450.82
787760922266319.20
800719960383470.50
802764368147146.05
812469877113920.50
844946410368740.34
849037548284757.02
867061858100102.55
871029659402483.70
892452887126854.43
901355839424370.83
905129322595510.32
924747060374075.27
933385473346130.34
948481987374226.88
964957760294247.50
986611199142652.05
993893498389531.35
