100803031265357.05
110017382667511.11
113306414551027.01
117438597125364.19
119026684110008.60
121001410265562.32
149720314129604.49
160006487320296.25
167640157104665.78
179762367217160.26
211473251232398.40
211473251321665.61
212331880280750.06
214875375434081.05
227024004579255.22
236930781256010.38
248284961384651.32
252146182171451.78
269555399777818.69
275115779109767.88
275115779264181.60
280562852477280.48
284151821253413.73
294948581143907.16
297330673129603.52
297711458768172.68
310445634127082.51
310454191153944.06
328354088323446.04
374363533187548.49
390772134446282.52
396829952325244.65
398336007160634.05
425263826296444.35
466227501173755.59
469670122156222.40
473978837268150.80
477127591703263.08
487578976503037.47
499053599135257.30
499283581554997.23
499467860436765.22
505967417555040.46
506460140206289.29
516628786163651.04
525926278268517.78
533172258201771.27
541413187182000.45
549243175168452.17
555401971323831.14
560802817117412.82
564933553311432.71
567218651361662.93
572804719229164.61
585432648202587.96
596735948884167.92
597280119304039.42
609956325402488.55
614168147279960.56
614168147824915.58
621018422360603.65
631987283247915.11
638323057603667.19
643780731232144.36
644375478349069.28
645171319255943.77
697268393411841.64
700404816828984.07
715155736218521.28
717732308183589.00
728010978159333.45
728419424537973.45
742107910249097.72
743793189195516.00
745820413158982.77
767560600138569.95
772153147270082.41
780307713205455.77
787277561471706.67
788447113512071.02
789835972104276.55
798927628287270.93
803192777299370.62
827936539289236.58
832048507212795.83
833786644212583.62
845007025101701.79
880075355103767.92
890755827105985.22
899424928573245.99
910985395196022.93
914557218154383.39
916303780686189.91
920265619297437.28
929784486431560.05
939409678178759.19
964957760214419.04
980803054146283.29
986919540106007.97
996402539175404.00
