101156577106511.69
110017382119668.74
117396658607280.26
117438597347289.47
121001410642305.48
130353627190821.77
140787251554384.64
149086189174840.04
167519799150261.84
169154377150806.25
171748766277703.55
174878306236681.45
178758666196772.50
194810104100705.19
200675412114968.41
204235604143060.42
208252813142430.36
233179776693126.69
249420279161985.17
255906899295159.36
272709278521031.75
299692662140140.19
305260427155261.05
305260427285120.79
318614657333388.14
319656394363120.32
323848130188503.60
329371056245040.35
335715381280710.50
360760357384143.18
375890823738588.64
378772748495714.24
402010932469002.82
422294374230553.86
424293071522434.91
424426699160856.80
424687486137436.90
427992830163724.90
434306159466695.04
435830994337027.01
436541345139454.19
438571031598510.05
460384223142218.05
466227501173979.66
469457644158282.33
475728122628954.27
480704953288824.88
488775063171465.38
492413974149556.17
503012100738232.26
509446156604967.03
511077882286040.46
514855712418191.38
525446383100406.88
549243175185925.25
555415591275859.30
555790640335451.74
562382583435186.28
567546933725965.71
567979109525972.19
573573263520054.84
576952335394269.66
582457800103320.41
591386815238501.10
597961118132736.83
607682491676614.62
645171319559178.11
664704523158380.38
694666401150085.70
719921851623455.17
720735142115639.21
726534543231248.00
743582967105743.20
767090797104448.97
767090797203253.61
767090797361409.47
767090797375660.00
771243486367010.49
772153147334330.20
774369338500943.87
776612198122226.51
781466316544987.73
795096195726384.72
795453330219502.61
799493037830005.45
801071882632827.68
802764368472758.75
852391417161568.13
871712010377068.86
876982608305585.32
895334626308592.60
910985395417362.79
920265619126089.70
935560774341960.60
944771490192165.63
954384924529094.63
957725074190737.68
962693075381538.12
981166685427864.88
988676105252639.59
