102417505106377.61
107304349400658.78
119016727535822.49
135196155301997.08
137709375291642.21
142695573499967.94
152798968659145.80
161100836314025.88
165258260183024.78
165258260215672.00
167002917107067.98
178758666377952.97
200146461404698.64
200675412475049.08
215647935184134.19
225086135228718.65
231986561101762.19
242190041649606.86
266312721291718.94
266711588168555.86
286547825393800.31
287194096118770.88
287194096344252.51
287324315607307.07
291250183537023.09
310454191281103.97
319656394151938.81
323848130548317.52
326213588668320.06
340842280507108.98
373471525183224.71
376923868358253.82
381543660404136.69
390772134161000.62
394019296290204.28
407116351140264.61
413890988300316.41
423485116109327.87
426198015551687.07
453124762640230.37
453945758114922.07
460129470119456.20
466227501347423.69
469457644107098.02
489537808866245.91
503832403262439.57
516628786668445.50
525361683177719.32
532377979289914.95
532472558520429.50
536388893875111.57
554268365146648.83
555415591607412.27
555790640271341.31
557278620504158.26
579977556232506.41
591134335227201.39
599601333481666.49
604314812119166.04
639106352270122.90
639863652212748.94
667125327332137.26
688045796172631.08
689530017583600.92
689530017640346.00
696762410266063.51
700404816753880.45
700769920516979.00
724100989151114.24
726534543207520.18
728066349199100.81
728290540279943.56
741418570182494.88
749024226333957.88
750482494238112.91
764423530708963.95
766272564836349.23
775854690217002.17
779898477102671.80
787277561686688.96
798927628394185.04
812342285604438.97
827924954196539.00
827936539571110.64
871029659193062.72
874448514144218.75
877847577721191.56
884259656114261.07
896018940449841.62
905129322122629.96
906725953832251.30
918892608497114.97
938586701105472.52
947687206120633.54
951461889671060.10
952391123130195.43
955829535933008.72
969405609104179.36
980803054291728.63
980803054325968.14
