102981320366725.97
122793853266146.38
129551756294918.48
130353627219726.90
132447352208009.66
132524384404503.92
143900095251383.16
156101978133864.31
174883568179488.04
197904816732714.66
202257991239034.53
202257991772103.54
236930781183161.23
255125620488397.89
269555399179691.42
285241161179517.62
289860384877103.22
305658630125942.43
347564606115067.56
356708742168717.11
375468241172070.90
375641375433977.14
378330817102513.76
383373004255592.13
390772134775353.82
398336007646200.36
413082880324313.80
460129470131747.79
460384223166835.06
471857970175015.30
471857970385382.51
477127591291526.59
486364990104291.15
491246623106946.45
496808525170821.49
506140362635652.77
508251419260303.37
508925718744735.17
509446156152122.11
518109934506094.61
520080558181153.95
522274769407990.35
525926278151829.89
530289161298557.82
550392053147285.85
556537470370408.17
560672299790724.31
560802817336719.47
567979109244916.85
574605206176037.74
583581204669059.08
591755775261724.00
592244826642330.18
599814919171826.76
607682491230207.06
628095494101961.76
631987283437027.40
657572634273045.20
688934511192769.68
726536216361052.68
727460616191182.88
735952744756829.30
744111618208814.71
747484841142519.99
764423530286527.07
768760990515746.50
772027421888418.60
773686797716586.36
775854690283014.28
787448057107498.50
787448057325152.82
790352185866862.14
800263855250625.06
807200119590840.20
807653867190064.66
813061542230195.36
829088534527268.65
835653081178395.26
846251855566401.04
848425763275123.38
848909968138378.85
876982608199419.81
880075355152682.84
882053089460569.55
891172890631458.56
893082188161465.47
901355839102374.12
911398268113502.37
914557218110493.51
914557218557452.38
916303780663683.63
923474867269994.55
955829535318461.64
958776195139319.02
958776195258027.35
971155310696899.97
978017109116835.17
992366063155934.59
992775582227353.75
996402539103963.06
