100803031153628.75
101596937116180.64
111681384201192.07
111681384322490.59
118365161283641.05
137709375156538.09
156101978326568.61
162541070461624.32
179762367104431.69
223218265265146.44
231214121178909.12
232668625133988.66
244846436253446.43
247591311103789.45
250189385763123.32
259683861349143.03
266312721289933.48
303129987442024.03
319539594398517.55
323670838123949.03
335537630381320.53
346987419243766.16
348746404366015.82
363593682386762.74
373137581122729.37
378330817722876.41
378497248205401.76
388875201108578.63
390209274302147.80
402010932101282.33
419600217175131.75
427023543750402.26
434306159112304.44
435830994139213.33
435830994604783.96
446572198686183.80
458314948201836.40
472672595481794.82
475728122206466.62
486364990218758.24
498548222119108.60
504584172227642.42
508860646174055.90
509446156436204.65
517678399181508.14
532472558109057.54
546932506111637.87
549249535465936.41
576952335205143.74
591134335115056.22
597280119110605.30
597700047209660.04
621018422265696.67
631229305537972.95
632481654250970.49
635752965712908.17
636087692218911.02
638323057624294.47
639106352887457.24
661371803196636.29
674252723808075.81
678331562141014.26
680853772528477.11
700769920124839.54
711042412134936.57
714573514826451.33
727460616185288.65
732987378645436.01
737774362129695.73
768760990805748.01
772153147795221.20
781466316119430.50
788447113233876.00
789835972124335.38
799447416455099.49
800719960301276.91
801071882123963.87
803192777116544.40
820522612726995.22
829708620648890.43
833743918391770.14
837956843267434.29
840052418368788.65
842240339103345.32
847566961145801.14
864780379226518.23
875501767301305.08
876982608108248.84
880075355330705.40
892000970117213.29
893082188636542.30
909570481374574.62
914557218177450.87
930363959104357.96
935738051107232.72
955829535981264.15
958140136470472.06
964957760223935.18
986611199490192.43
995876448328192.46
