117228782486650.78
119611116125944.70
122627851378969.91
134195087248115.55
143900095133650.57
178758666106569.70
183691383107039.03
193711006225919.17
202257991231295.13
214875375216399.87
246387732125356.30
246578626117733.97
253545920488664.05
266711588458498.86
269437650398892.70
280903690171583.97
282879114253980.45
284278668383067.67
285241161173387.19
287194096305244.80
288996231118645.48
297711458190570.63
299692662163700.11
308056990640077.31
310454191220765.94
337491743468065.29
346987419176711.69
360321320428045.27
360760357178652.31
373137581131514.03
375641375332498.12
415945167542356.58
418304933459087.75
427992830122232.91
431781818357179.72
459758995175219.57
477127591150074.54
480704953225971.69
498143404272324.95
510064144402933.44
514855712657935.17
522274769260983.61
525446383227091.28
525926278121464.70
548481212333436.30
548481212596624.82
568121813123065.61
569486726587893.51
572337884294905.97
572884241367620.16
573251199162026.29
576637740467898.45
578256628446059.37
592244826374231.95
599149683508167.78
616318415130679.98
621967544360020.76
657572634338545.89
688934511648710.35
691505122203881.77
696737516195481.13
697507876654640.34
700769920244090.97
714573514489732.11
715154514607851.04
720638406194781.53
727460616714096.07
734534344235440.68
742107910105905.50
772153147274251.10
780564297156302.24
783558945253308.43
799447416333037.54
801071882417188.78
816562775147226.66
827692583417440.32
838515118329618.35
848909968141115.09
855602001855595.18
860583046126283.70
860734034125856.44
885514539131800.23
891172890246716.98
896018940107146.66
906725953245083.77
907135169171796.57
913977793703010.17
916303780605467.34
944771490102811.04
947687206125016.42
952827865206762.91
961832280127449.22
981162480115206.80
981162480333362.98
981166685185919.42
986611199593950.53
992775582962980.01
993163024319231.50
995876448276006.84
998254744229242.09
