102981320157522.81
109663353619722.74
110214774119922.65
111374881168606.76
113959481248436.85
121001410199582.54
143900095126579.12
149720314140160.13
150753271100256.21
152798968220267.86
157898134297448.53
160594018127659.06
164904976127458.03
167640157240585.36
173696140102630.78
178758666149041.44
190193297846514.08
197855977402295.44
208898303656777.51
213396943101762.11
246921183110152.73
248284961715235.09
251687419503012.59
269437650218005.58
275411499554103.63
297330673551875.56
310209435224343.13
329371056212842.52
336960695113524.15
337491743639028.75
360760357946360.85
373471525168214.32
373471525233457.96
384080914214016.55
388235755215587.49
397308858437960.54
407116351395521.40
413082880180083.44
424426699472368.49
429444957111374.65
434306159253858.23
459758995992678.50
475728122362416.75
476386452127422.68
477743286203565.17
496808525500892.44
501284104193062.57
505967417117108.39
509446156210003.04
516628786129070.91
533172258540887.11
548129152507343.08
554268365255301.53
555415591275734.00
555790640147991.69
567139088731363.91
568121813255586.96
569486726204812.60
576488475123566.11
579977556145624.97
589037736111632.79
591755775337826.14
599149683250955.63
609357423164368.29
611824131131494.28
611824131325989.08
622018493111502.90
669330235377839.42
670886330133159.69
712104267192232.75
712686604235307.04
714573514454897.87
720978012138862.51
724100989489741.15
728419424413804.60
732987378536786.42
734534344214138.61
737774362427080.09
743702952148830.47
789835972159974.08
807653867219008.52
813061542176637.67
827692583123136.01
833743918214120.19
837956843570562.30
853800531178447.04
860583046489565.27
861170886824340.44
872643567561214.89
890755827481485.23
893082188200672.71
899424928332170.87
901355839122043.58
924747060829893.53
933389717108858.86
944771490198581.23
968882645183408.63
993163024114722.33
998254744165180.98
998943288368698.75
