101596937126927.39
101596937247622.86
106055610368443.19
109663353104130.02
111374881380859.19
112836089371517.86
138693034214839.45
143900095556997.73
151020112266498.92
152798968601684.65
169154377386926.80
176108647782853.45
186382757118860.37
200675412656240.12
241633719122051.55
248938351377718.38
250189385128241.48
269437650144631.10
269555399106325.25
275115779113470.96
305260427169739.88
305658630274426.26
310445634109022.40
315846409275089.15
323670838255526.67
325918281449550.97
342074651105056.48
350620769629840.48
356203328120933.44
363393550543172.44
374363533175481.82
375641375374852.84
375890823847053.66
381816324109164.19
383373004101921.47
383648179224811.97
388303403111912.97
390772134122746.00
397308858111905.78
402010932888220.35
404175752477619.14
418304933107127.80
419600217236640.05
419600217628750.59
427653658204344.37
439815013167850.49
469457644165873.77
476386452221354.99
492413974115962.00
496863696228779.60
508925718217671.88
522284048330345.21
525446383114956.28
553656369578169.18
555401971642643.09
560802817360667.01
568750929269520.77
569486726318962.86
576637740343145.86
589037736126387.77
590474012140623.81
591134335387037.15
591386815150113.80
591386815255502.70
599601333674014.02
601866754137502.81
601866754247277.48
607784672239894.36
639863652156228.25
669330235130625.82
695721158435709.48
709753591240696.71
723153061479992.68
743702952497855.93
747484841718303.40
751107410315857.64
753497183155731.75
756409715141888.90
756409715887947.88
765191526334217.07
775647608182253.50
796309849630586.42
799493037322532.36
802764368111152.44
804704037483658.47
843039617503592.66
853800531214224.56
860583046190300.62
861673124240136.15
901355839144358.10
906725953249826.65
919002406171775.47
947336821554000.35
947336821690975.86
951461889393386.71
953276484477840.50
957987877355219.86
961832280821434.88
984950748116371.98
992484817493956.24
