117438597625124.53
121946888223611.43
122793853299077.80
132447352582243.12
140787251172256.84
151926654123104.86
157898134195929.83
169154377827879.83
169338279140114.38
199568135118899.02
208898303291186.79
209331946111503.42
231214121265707.90
233179776500383.65
275115779420430.51
280225069233934.15
280225069313848.15
299490674438860.19
314940761719221.86
317453153686574.65
336801473120343.76
341952800414240.17
356401591344855.53
360648093100627.02
360648093557793.73
383373004424682.18
402010932232940.62
425836396102913.45
427653658407010.62
431781818153513.47
436541345466281.74
450033863384947.62
459758995215518.41
461009699239255.88
472446118468424.95
488888112170403.54
491246623345832.67
496808525586258.99
499053599335265.87
499283581105454.34
502176650109782.60
509446156536647.24
520080558625540.09
560162315101619.02
567979109299084.69
570950541251932.52
573573263157475.12
573573263288542.72
573573263365114.08
575858400110526.46
591566736200724.22
591755775441674.97
596735948105797.91
596735948614856.08
598188631184042.64
626305925430074.34
631229305570937.85
635752965443182.63
650275710402326.29
650825130123321.53
663099628104503.40
664704523298089.20
695721158113845.45
712686604191075.16
727338137124569.42
728010978199978.31
728010978804902.53
740892337116459.80
742325919160641.25
742325919619545.95
742456291330237.51
750482494193169.73
752909584632539.14
753497183454587.88
756409715791226.33
766272564717752.50
773686797108117.05
781466316187599.82
788376313276316.61
788376313755763.25
803824523364151.12
811375238171324.62
827924954519765.22
838515118573360.85
855602001404174.63
858096665346730.48
864780379171032.37
866362412301731.66
877847577124123.58
911398268428487.87
919002406391268.20
919465042129838.43
933389717708496.21
947687206262519.47
958776195154455.06
967522635127133.98
967522635329539.66
971155310325403.42
986919540579712.94
995876448104953.31
