113306414506318.45
113306414687790.57
122103994201609.40
124915162590375.63
137281364234347.06
149086189178521.63
149086189237543.70
150391254162911.76
150391254171905.94
150391254363505.63
151020112125177.46
154586988190244.18
159509387592105.72
159880267133517.75
161415507149466.63
163061073103612.83
163232964275511.98
169154377189735.89
171748766183547.84
173696140344557.26
185152448111364.88
189515767506750.34
286547825173753.36
286547825317547.64
289120238287315.60
289860384253742.37
299490674335346.46
302873488308659.66
308106984220564.68
319656394102285.53
319656394254793.56
319656394400514.10
336801473295214.55
346987419143162.73
360760357620174.52
373137581203611.20
375468241356417.02
381816324149967.23
388875201344359.02
402889444139460.29
415945167172895.13
424293071246706.67
427653658362482.80
430429762208314.81
459758995315826.30
461009699162147.38
489537808338480.82
494404564552161.52
496793622172285.50
496793622608714.19
504584172233834.78
507517153186327.96
507517153456899.78
508860646117718.52
525252585171146.47
569486726122353.37
573573263327273.69
582433833438307.75
583581204138875.35
592244826411237.08
596116932316324.10
597173782364240.96
597700047380684.28
599601333155562.99
696737516779284.81
711042412265516.25
715079332619364.13
715154514324132.60
726534543539025.22
735815836117832.03
736105066123429.56
736105066370363.86
741118256573341.64
742107910201176.18
744080844175882.76
747484841207217.88
766272564345127.25
767559506130128.10
775854690102992.97
775854690441551.21
776612198545556.37
785197350270518.73
798927628394744.83
827936539124861.16
833786644588717.72
842240339175225.42
858732508755099.95
871029659186412.68
871029659523772.31
878534299233671.70
884826319262741.18
895334626671392.15
907135169217108.22
929784486286530.27
945122047555258.19
945122047725477.93
958140136193326.06
966461342454028.48
986919540393376.87
997660003195696.78
