102260703123945.95
103880243213166.07
107304349108619.94
111681384140091.66
131320092198838.37
159880267358466.50
183908839200008.40
194810104101210.43
198855106114660.80
198855106122307.41
206331108188540.57
213602432674253.58
215647935158825.02
229613819165577.64
246578626488431.55
252146182171025.61
252146182461282.16
276903838558771.04
280225069285523.23
284278668151156.49
289120238109443.23
289860384855608.75
300585303107539.32
310454191909829.32
323670838102006.05
323848130190392.96
360648093177822.30
361194255161594.79
364950395158459.28
364950395265775.67
375649427339632.25
375649427381319.06
394188633160944.71
418405168497596.27
422294374545008.25
424507928310672.36
427023543346435.96
446101021380953.95
461009699523060.25
473978837100047.07
487578976405213.33
498112669515545.38
503012100169969.02
505967417127506.94
516421257301480.37
523628542191377.31
526668130122001.40
526668130138587.00
532377979166566.56
540275431363875.84
549249535362842.10
560162315132804.75
560802817333100.56
572884241687700.89
573070853205161.00
574605206161417.78
587327921115799.98
590474012886417.26
597700047249302.30
597700047946619.17
609357423504314.09
614168147266648.70
621333885453995.39
621967544262002.84
621967544262782.00
639863652199458.04
640296389717848.58
669330235112887.63
671538009275814.26
683783421312470.00
695721158357380.43
735815836223052.96
742107910532663.39
742325919481077.32
786411085212567.45
787277561232131.34
799493037329887.14
800602389319093.82
833786644499394.34
838515118240371.51
853800531803185.57
871029659441518.42
877847577846400.67
883906066561690.83
890228256269456.45
891172890168250.18
892452887290517.63
892452887333090.58
905207705325387.25
907135169107775.23
919783045627467.89
920265619319895.78
925380943417609.72
935560774136511.89
939409678234809.32
939409678308568.53
944771490467171.02
949957077413681.54
965364270230872.03
992958791646327.87
