101156577140083.22
111374881133192.36
118365161128935.05
129254821435585.36
130187347451396.71
137709375407794.15
139450583100768.02
178060486334460.84
182774156327167.72
198855106416369.94
202824367396933.11
208252813595028.60
223218265461626.53
232668625141998.42
234742004292459.34
246395504211086.44
247889291300519.75
250189385283512.31
251687419114021.90
300372299153505.79
303129987144157.93
310445634133654.24
315846409329665.88
319656394590887.52
326213588210674.62
364950395259258.63
373740433784202.72
387500606264351.89
388303403200895.32
396984280394577.63
404175752216511.10
418304933178818.13
420541052398494.76
421251419105317.25
424426699510289.02
439202619171514.37
469670122244896.12
476873067131606.69
476873067220716.69
487578976316428.44
501284104122647.81
501284104577149.48
505967417196558.41
506140362183286.77
508739487117640.72
508860646103215.53
509446156143910.29
526668130318163.70
530289161140042.99
535091207579191.09
540275431817753.95
555415591100243.05
555790640134916.59
568121813103153.93
574605206230325.81
576637740582132.14
583581204140957.39
591566736238234.27
628095494732066.77
657717831155573.46
666713328316660.56
674252723105500.10
680853772146270.21
689530017125721.84
694666401768957.25
703711397165605.25
709632903631116.47
712686604468943.71
715079332227295.68
720978012181117.15
724554875725311.57
728010978545949.86
728066349752332.02
743605154100504.67
744111618422150.14
750482494132938.44
751107410423814.85
771243486249104.36
785197350101723.11
788874963109059.31
794920973224211.14
803192777410513.56
803824523407427.40
833786644427876.94
834417306180697.22
860734034327500.93
865921924164615.59
880075355155748.39
896259087103400.22
906471339289707.96
919465042376649.19
933385473135623.77
933389717167083.20
951461889159725.19
952391123362865.53
954384924262589.95
957987877591748.25
958140136444681.97
978017109482925.87
998254744112482.63
