101596937303138.45
117438597270046.66
129254821184172.12
129875133118934.92
132447352370883.47
151926654228964.16
161415507182717.03
173696140115302.87
174671762473048.48
183908839114018.94
190193297633142.78
198855106357226.67
206331108410961.13
208252813380071.18
211473251245754.40
234380094466156.19
248938351292215.46
249111475144947.80
276903838100514.54
280225069228782.97
280562852186402.00
297330673144175.34
297711458105073.69
300069649127968.52
314940761223762.96
317453153645972.88
323848130212740.43
340842280250770.97
374363533151471.17
378330817158629.36
381543660190421.02
381816324343090.00
391123961589786.00
404175752531603.90
420541052149744.10
420541052515559.45
424426699131150.55
434306159550682.78
451898397928675.16
452907513448320.15
470045158267295.34
471857970364242.99
488888112427668.56
489537808181426.58
489537808488943.75
495390908219885.78
506140362122638.56
510064144134982.17
525252585198553.12
525361683174671.99
525446383890309.21
533172258141450.98
533201440124001.82
548129152127348.84
556605206473923.03
567139088300820.29
567784105534172.12
573251199200245.24
592244826507119.03
607784672141749.47
613510744283966.28
616044848104701.13
636087692202470.12
637624644838029.58
657717831293213.79
664704523397168.63
667125327276710.55
680853772108056.92
684051160109973.39
687986102152487.35
687986102191159.91
688934511160452.14
715155736280151.29
724554875846608.14
726534543280037.47
728581698329869.56
742107910112693.57
747484841296224.39
747484841318971.80
749024226344348.88
750482494376172.58
752909584158268.78
775647608458441.38
780307713138988.50
796309849384590.40
807200119220054.48
832048507688559.24
891172890104445.20
891172890149492.10
893441803124772.76
899424928551942.24
918892608564114.00
929784486178544.70
935560774195931.38
945122047325612.00
947336821155356.14
955829535114538.04
966461342116770.10
966461342442524.09
993893498160273.16
