102260703413194.28
102417505105988.49
110017382187847.81
124915162132504.51
139450583211051.84
147949197132838.27
147949197265596.90
149673275396690.14
156184156328628.58
159880267343369.67
160631595161813.07
163061073707104.20
179762367207968.75
188334686207568.80
190193297154523.99
199568135202150.15
209331946270248.93
215647935368157.75
231403051127164.41
231403051181905.38
231403051546429.71
234380094259319.15
250189385337857.10
286547825169142.97
289120238241032.57
289120238291762.28
297711458420875.39
305747566164265.30
306920818240178.48
309594392154206.78
314940761298800.77
325918281221007.62
334193213334875.64
344397779355404.77
346987419286907.27
347564606284507.69
364950395216237.82
375890823659032.94
394019296775348.38
408354382314910.59
418304933849127.23
419600217292982.03
424687486128536.97
436541345407268.05
455730993152780.35
460129470321922.38
471857970354784.08
475728122197817.84
485692569204556.41
496793622135655.49
498548222478048.68
499053599499044.76
501158925232631.15
508251419300448.30
525446383354717.34
527367550132291.15
553656369290260.70
557278620372977.45
567218651183010.09
578299020173659.57
582457800415251.96
596116932234839.18
599814919166031.92
601866754431878.58
640296389111590.79
692813473642251.83
700769920127915.22
711042412546233.43
717732308691950.45
719921851200255.31
720978012161308.87
737774362270738.44
744719160129761.38
747484841102331.14
751107410323044.72
753497183558099.65
763126179110851.66
795453330904428.68
799447416164265.72
840052418523853.00
856453112483850.67
856453112893434.74
866362412700935.07
867061858105514.23
884826319487094.63
885514539390565.07
905207705136106.61
908450089188885.83
924705809386246.01
938193381429565.19
941366519202537.53
961832280395067.40
962693075109356.58
971155310236527.41
979709064114594.37
981166685162565.09
992484817419569.80
992958791319363.17
997918938664256.36
998943288110959.78
