109663353463691.17
119498741195112.65
133904151121248.20
133904151698508.08
135196155300876.06
140787251369742.94
145294573132556.87
152798968389540.13
154586988235741.86
171748766435254.47
174878306465685.88
178060486231900.00
202257991252165.00
202824367102767.79
209331946514272.53
214875375173336.21
234742004561923.74
249420279558402.44
280797933123207.10
280903690462874.33
299692662345656.45
300069649748106.62
302873488742521.89
309594392553820.90
310454191129604.78
318614657187651.67
318868292460599.80
327010449326514.19
349996174502092.54
356401591272588.25
356401591716691.09
373777889169000.48
381543660587297.19
383373004423457.96
387186313117390.35
387500606275906.61
398336007121544.89
398336007356054.23
406053005223793.47
415625092318031.65
418304933473294.09
418405168646316.53
425263826390142.75
428026116494830.79
455563512555254.84
459758995164192.95
460129470135185.47
467984196567789.00
467984196676716.04
473901580356061.67
477605614589606.86
477743286683058.84
488775063142217.33
490775374116190.04
517678399350217.87
544397782512856.77
548481212323157.22
557278620228602.99
567139088484139.04
567218651770110.18
571264525249732.60
575858400297926.99
611824131168968.09
614497745254351.42
637624644344661.37
668975990291979.69
671538009112502.86
674269389688584.08
688934511384391.03
695721158380597.79
696737516151828.32
709632903209323.14
715745746490624.13
722593429541319.69
732987378100693.36
743605154597868.80
743702952342394.63
776612198258379.98
795453330652580.91
800602389107812.87
815870915601178.42
835653081298508.04
855602001148222.48
882053089174802.54
884259656216445.03
903491103135704.96
914557218297008.13
919465042121199.35
919465042260020.95
924705809137618.05
948481987137501.77
952827865325922.96
957725074686413.96
958776195109445.54
969405609448174.16
980803054287356.07
981162480160542.66
982766375103073.65
984950748132102.33
986919540132215.04
