102981320275868.55
109663353637424.67
113959481133802.12
117438597114353.55
122103994147455.74
130187347342176.08
139450583111879.71
150753271609105.90
152798968709351.57
161100836512159.17
165258260178382.50
174883568630909.78
176108647736309.24
183691383383789.94
183908839258541.11
198855106334128.18
200269226355513.41
208252813239888.52
214875375226077.20
232668625396570.21
234380094215582.99
248284961223109.77
272709278909174.10
291250183128178.70
297711458140404.16
319539594276935.87
325918281192980.78
335537630746296.51
356708742285464.05
363593682337303.82
378497248139352.82
381543660269406.55
404175752150836.35
407116351514342.65
415625092173441.14
417123406551287.36
418405168300981.06
439202619173963.31
453945758529318.28
455563512103014.18
456871046389035.22
460384223240700.88
460581703225791.71
485692569423471.50
489537808283483.37
492413974401350.81
509446156668625.19
517678399396403.00
523628542126744.39
523628542513697.95
525361683260943.26
530289161582108.95
533201440466096.37
544528724210814.72
546254123279490.47
548395241143914.64
554268365636704.87
555401971205038.58
557278620137795.52
557278620161899.28
559506176127805.55
560802817241903.63
564933553330787.50
573070853199109.97
585432648504723.28
587327921550563.53
599149683317034.91
614497745129325.18
632481654257660.69
650275710795994.37
690445256613640.01
692813473298473.73
712104267100103.52
720638406186492.46
728581698146354.84
737774362130199.42
740892337321000.74
744080844276300.57
764284963309248.58
764284963413493.57
764423530317421.98
764766950102056.87
785197350183459.25
786411085401432.32
787277561304221.83
794920973167199.21
800719960283158.34
800719960393560.81
812342285401990.86
829088534228314.98
840052418129259.18
849037548187881.29
855341876124478.97
858732508550408.27
872643567135138.95
882234971389404.45
884259656144133.28
896259087520239.32
925380943527806.11
992366063109236.45
