112836089351098.52
131320092201678.72
143900095211998.24
155306319111879.04
169154377653243.68
171748766200408.44
171748766217501.44
174878306207727.56
177510149173118.85
186382757636036.91
188334686577994.93
193262678134103.53
197435531248269.98
208898303109726.89
208898303295507.47
234742004117106.77
246387732180673.09
246395504192799.87
247889291431171.46
284228307132594.38
288996231743723.40
299490674354307.78
303129987316734.16
304435923103228.81
318868292293418.50
325918281167627.44
335537630676313.27
336801473104974.18
336960695171122.74
336960695191194.20
356401591543085.78
360648093769688.10
366746235459379.23
375641375589862.63
383648179259787.47
384080914266203.52
435830994312233.50
456871046600698.61
472446118264758.59
475728122232329.96
491246623361540.62
505967417154551.29
508925718109656.03
508925718591558.50
533172258802557.45
548129152804285.01
548395241107458.03
571264525923329.44
572337884127847.78
574605206123575.35
582457800112958.30
596735948105905.44
597173782549659.78
599814919214672.00
601866754200923.99
607784672100198.32
616044848381662.61
636087692339705.45
640296389769483.91
645171319460664.82
654751100225385.47
655015427293702.33
664704523717043.18
689530017229108.18
694666401359435.10
700404816449296.14
700769920321751.90
712104267125295.93
712686604365628.27
724554875365511.92
726534543500377.49
727460616572320.66
731333851209050.36
735416192118065.96
747484841314090.54
747484841504986.29
750482494432758.20
765191526277572.29
775854690257190.40
776612198411784.73
786411085369881.37
793913439294004.47
813920518422175.43
820522612100824.77
843039617443737.63
846251855682706.36
865921924183148.00
870308841781679.21
875501767175164.46
875501767522372.15
880075355700075.85
882053089729979.37
918892608329467.21
924747060644129.83
925380943148596.36
955667028142528.13
966461342119627.94
990095516223901.81
991842459829346.57
998254744211773.51
