103880243207222.15
111681384170809.68
119016727126034.85
121001410533750.66
128053188633221.99
129875133204679.69
135833912238651.07
149673275103338.58
150391254388685.52
151926654114090.72
155306319218297.44
156101978352063.06
156184156111054.48
160006487138455.69
164904976288331.57
171748766104756.36
174878306483088.75
202257991244836.54
208252813159202.51
216594016137610.32
249420279224047.00
253356546102442.67
253545920146390.24
260220807101206.41
270193205239821.31
274765790156200.76
274765790169105.96
276903838706929.67
281506639332964.20
287324315133449.67
303129987114720.00
306920818137078.82
310454191157920.62
363393550212629.18
366650656262513.57
378497248122286.96
416461717239596.07
439815013390234.41
450033863112413.70
450033863382585.51
475728122108602.97
476386452457188.35
477605614667384.64
488775063798514.12
494404564227036.62
509446156255354.61
510037513216069.74
511077882647155.29
533363124379067.30
549249535521663.29
555790640471982.00
567218651178014.31
567979109772162.70
569486726540524.05
597280119756989.74
616044848240227.71
621435036328152.39
631229305738954.20
636087692112289.13
650275710358985.90
657717831298565.52
663099628125291.25
666713328195697.16
667125327187006.74
669330235114447.31
690445256566362.85
692813473251385.72
694666401227009.11
715079332142759.02
715155736171268.48
715745746558232.22
727460616606583.51
731333851403475.57
743793189289085.10
752909584600829.60
781466316756542.90
792126435266687.25
799493037362740.34
800719960486443.33
812342285380935.81
816562775106373.00
832048507111371.95
843039617321486.05
845007025209412.15
858619365758709.83
860583046167572.17
860734034377323.75
864780379144194.55
876982608122416.37
885613601777370.91
905129322344679.98
909570481347219.25
913977793287826.77
913977793430578.60
924705809259915.95
937277590283065.20
939409678721555.73
945122047114093.13
962693075591028.51
966461342138550.33
