104518388495020.21
108262806598803.08
117396658310238.70
122627851220211.70
134053382178192.16
169154377571972.75
171534295387939.17
173696140512890.44
174878306157149.81
178060486880780.32
184410327306579.80
194810104628560.89
211473251380576.92
248938351430942.17
251687419156363.40
253356546712182.87
263492694265500.58
270329525120953.31
275115779389654.13
281436615647567.50
282441191102284.41
282879114145506.50
289120238265462.35
300372299213538.96
308106984157816.56
323848130138748.93
334193213102719.88
341952800283618.96
351530440463736.02
360648093218376.43
360760357321130.07
367999686108498.57
387186313361610.96
387500606609823.75
388303403476012.55
390209274127675.49
399791202522368.51
404175752686184.02
434306159216059.01
444632472664562.60
455563512783491.96
470045158101978.72
472953771328065.13
485170462152557.06
496808525220786.65
505731999308143.10
510064144455250.78
514855712336471.42
525361683269961.39
525926278207829.73
532377979162950.11
554268365412260.71
554268365437156.03
556537470103497.83
557278620148130.54
557278620652040.86
560672299438719.69
568750929230644.83
591566736352003.74
597700047104537.86
604314812484618.25
607682491486947.35
616044848109854.82
640296389102457.78
650275710393967.76
654751100299577.99
655015427181608.99
661371803288118.85
663099628159868.54
691505122227053.88
703509375445745.48
709753591320719.24
735815836191369.12
741714598469695.45
745820413100485.80
746772132290700.19
747484841157419.79
773516741124837.66
776612198508464.48
780307713218789.24
807200119388655.47
812469877333676.29
816562775308509.51
832048507707805.95
837956843101030.02
837956843241008.41
855602001484353.90
860583046105031.64
864408674797749.58
864780379150662.33
870308841566474.80
884259656274815.96
906471339112013.31
910985395129080.05
941366519197193.42
951461889123277.55
971155310224511.35
986310355133804.01
990095516276984.05
998943288179339.16
