102417505156215.83
119611116104435.67
121946888359153.02
135196155121794.77
160006487128447.73
167519799846095.18
171346863434265.64
184410327416823.98
190193297577357.93
202824367168484.63
208898303120260.08
216594016182086.67
225300737115888.24
231986561103541.94
234380094478837.12
246387732106650.18
246395504469888.91
246578626159505.72
247889291282701.50
249420279129753.07
273445992615580.84
274765790491529.85
280562852129961.52
280562852302477.34
281506639126498.49
297711458470899.17
307552687308554.58
322087967252448.02
341952800110266.42
341952800525397.39
344397779178749.40
347564606129078.25
356708742835904.48
373471525144848.24
373471525673628.09
381816324644183.31
402010932343900.84
408354382165563.43
420096621212675.74
420096621842222.42
420541052444302.38
421251419358567.72
425836396706882.74
458314948326636.84
460384223210533.82
462764033148892.59
467984196251075.01
472446118303137.57
472672595139494.73
475728122314773.77
476077303659248.72
490775374210419.45
496808525125352.88
508739487164589.19
511077882630395.77
516473646413169.00
516628786109496.26
522274769276613.27
525446383211203.36
527367550467784.85
530289161742488.17
549249535389745.72
564477851141754.84
571352753971539.70
573573263820928.22
577980947233533.73
583581204572689.13
589037736102257.97
621435036157880.58
624782179725955.70
640296389566673.02
667125327208145.47
670886330102700.15
674252723103510.89
687844703673981.41
697268393110365.68
703509375164663.81
705077862431930.09
715079332487830.71
715745746180461.29
727460616198544.83
742325919168659.55
788447113227258.38
792744363238708.00
799493037603837.11
800263855274002.01
815870915194891.75
846251855130265.36
853800531317859.16
861170886122385.20
878061989118524.76
884563373130526.30
892768447100611.30
896259087129474.81
906471339826687.42
919783045385936.56
925380943692107.72
941706245453329.19
958140136222007.67
992366063467169.39
