104518388143831.80
119026684452222.05
122103994298948.00
122627851131777.44
127662812108311.03
134053382126045.14
134195087330579.73
143900095172097.91
147949197340806.38
159509387660236.84
160594018866250.09
178060486273855.96
184410327242915.43
185152448364684.97
200146461542326.48
215647935711226.49
216594016701266.84
240606459650983.98
244846436669352.47
246387732121769.24
246921183136163.20
257911652589097.68
259683861339082.12
268908366198924.22
269437650111390.01
272709278187783.53
273445992687710.07
276903838189774.98
299692662567261.27
309594392379778.15
318868292230256.31
337491743284570.51
341952800359321.35
349996174221971.36
373777889549145.17
374363533150877.98
375649427534370.66
375890823309946.62
390209274285118.09
416461717233946.80
426827475220702.53
438571031183510.16
446572198575603.43
490775374594551.68
501158925232013.88
505731999168716.58
505967417409015.92
522284048172505.94
525926278530310.06
535091207468354.52
541413187249494.76
544528724102120.26
556605206239739.62
560802817131587.40
573573263130584.85
573573263312428.75
576637740114478.71
579716532268637.12
585064535167829.98
587327921295777.51
593771725503131.24
593771725936408.10
594324319271680.67
607682491433256.18
622018493217891.83
626305925564577.27
638323057104575.95
657717831600454.08
664704523312975.64
670886330112809.17
671538009347612.75
680853772385344.09
687051228449154.88
687844703587563.59
720978012124517.23
728010978101290.31
736105066221516.48
743582967178698.13
749024226171405.97
771243486472994.55
785197350111898.19
787277561113410.17
798927628136858.30
799353999222295.48
803824523217859.61
853800531123977.54
855602001247648.58
860734034221728.32
864780379103855.91
871029659156470.66
873983543185480.58
885514539172454.98
890755827141412.59
906725953121220.25
906725953178119.54
910985395144461.42
938586701141074.67
948481987432125.01
952093581769216.25
981162480137870.89
