108262806583042.32
110017382186442.57
111681384234550.02
117396658380467.08
129875133214205.17
134053382224109.85
134195087110237.62
134195087215147.69
137281364140412.18
138759230210187.80
144086960100198.88
151926654648551.95
153925503336624.61
156184156100402.47
159880267423515.21
164904976164047.69
177510149394854.50
182774156161342.56
182774156326019.09
182774156527910.54
193262678216038.45
197435531131620.95
200146461287711.78
225300737105339.45
228054518166090.19
241633719514793.65
246395504410339.29
247889291121033.74
249420279339528.02
255906899218818.94
263492694116869.18
270193205106911.51
275411499302900.36
280562852233721.85
281436615124899.48
281506639688389.81
311939514169394.63
336960695694131.85
345774001266584.40
350620769198767.60
360648093455870.40
366746235125725.99
373740433162128.99
373777889135296.78
381543660261639.54
388875201250487.04
404967312384605.33
427653658376088.98
430429762178432.43
453124762319466.07
460129470152708.79
462764033337473.83
465082059113010.62
470045158444956.00
472446118600548.87
476873067127333.82
477605614373110.85
510037513263111.88
522274769101915.56
525446383183028.14
544397782774140.34
557278620129702.86
573251199285023.41
591386815106266.01
591386815169948.65
607424818322708.15
609357423163123.43
611824131339149.51
611824131371851.24
616318415142234.75
623544731675489.09
638323057220302.68
666713328209185.05
703509375230676.72
728290540108667.20
744719160381933.07
764284963687162.28
767090797293278.42
767559506231280.95
773686797217603.10
776612198330821.71
792126435582798.19
799353999763802.69
800719960369232.02
815870915205764.39
833786644179573.62
840052418468821.83
844946410115396.57
849037548395406.52
853800531435595.73
877735379437111.33
891172890595695.59
895334626114987.19
906471339365086.70
910985395509549.22
914557218447886.50
924705809228884.31
944771490244147.00
982994214454482.13
986611199142236.26
