100803031598060.86
106055610242628.07
111374881216599.07
130353627126492.15
131320092113375.23
143616141342581.98
163232964443064.96
177510149147832.41
190193297447245.59
193711006181344.67
197435531134194.27
213396943172220.21
213396943190003.85
213602432456597.08
233967114151981.45
233967114494552.36
242612545173717.32
247889291146771.07
248938351785510.65
250503993647949.52
252146182258842.29
255125620536879.77
257911652665642.51
269437650628774.38
280903690106196.91
280903690449605.78
284228307119973.15
286547825545587.80
287324315286487.33
308106984247425.24
308106984622861.55
314940761389651.09
319539594278383.77
319656394239860.48
323670838364602.15
325918281410526.24
347564606478982.88
351530440217873.46
373777889515041.15
378497248437984.22
390209274108443.57
390209274301095.42
406053005114705.90
426198015330795.46
426827475392485.65
430429762294256.76
453124762169721.03
458889106609607.97
477605614240476.85
485170462340308.40
485170462465909.55
490775374373283.37
511077882262405.60
511077882366589.24
525446383219350.24
532472558141340.97
533172258138319.59
573251199344995.27
575858400460760.53
591386815555535.81
591566736107181.35
596735948275471.70
597280119101754.65
598188631328269.64
601866754180737.15
632295008105948.15
639106352136776.07
647684066573550.77
696737516135828.77
696762410156996.40
700404816440047.68
728581698179538.57
733279489298959.85
735952744122304.36
740892337149435.45
744886514366378.78
764423530264939.88
767090797176051.39
771243486315932.24
787760922236348.72
792368394443650.96
800263855915849.36
811375238101567.66
812342285352296.61
855602001835232.97
865921924183589.32
873983543111807.93
877847577348366.48
885613601118716.00
895334626117172.20
896018940135345.53
896018940403502.80
906471339202484.29
908450089550128.91
911398268582034.27
944771490827678.99
945122047273281.65
958140136127487.29
965364270485270.07
982766375110852.64
