108262806131720.71
109663353109921.41
109663353243397.42
111374881446966.54
137709375388009.59
138759230113511.68
165258260807417.62
184883882391016.20
188334686482878.84
189515767447524.29
198855106153754.18
202257991327159.00
213602432317155.27
225086135809679.70
225300737268438.11
227024004416815.55
231403051347187.95
233179776357970.70
236848862237332.75
248284961275442.22
248284961436839.80
256617553347370.43
269555399201278.49
275115779198616.18
285241161160826.63
287324315158638.90
300069649182336.78
305658630605364.67
310454191422644.47
325918281632122.19
328354088105883.10
345774001680079.73
346987419503178.54
373777889161680.04
375468241148166.75
397308858344297.60
404967312184498.77
418304933139367.00
446101021508792.17
454505347825761.62
458314948355976.65
462764033246770.63
473978837227745.06
496808525139756.54
501158925513408.64
505731999149740.35
507517153367387.87
508739487100828.24
510332426120561.87
516473646319430.77
526668130317432.80
555401971112760.94
567784105456747.38
574605206260867.65
577091859186403.15
593634266631358.13
594324319575133.37
607784672291596.10
674269389100031.88
678331562437306.53
687051228141780.16
697268393524372.57
697507876193795.85
700404816615432.34
709753591102126.69
715155736107626.53
722593429168877.27
723153061136357.76
724100989248125.20
728010978366632.35
735815836701521.55
742456291320522.65
743605154173040.67
744886514417203.97
779898477178204.12
780307713238611.46
780564297122668.51
785197350199877.24
785197350335072.92
796309849657055.20
801071882213582.25
803192777750932.52
804301199465866.23
833743918402877.54
847566961199754.53
865845907100149.91
871712010174422.72
875501767163752.65
875501767302055.95
906471339306292.46
910985395356231.58
919783045214470.20
937277590564145.02
941366519402493.33
954384924288414.72
955829535517144.58
958140136173871.40
966461342456667.96
980803054167860.65
981166685550976.30
