100803031198095.29
104518388840169.34
130187347505246.37
147949197352740.22
149673275186686.15
160594018259379.84
167519799828239.45
168112199748413.90
169154377666906.89
169338279102717.97
184410327113938.80
197904816154866.51
199568135706937.74
213974503346592.71
215647935805037.76
234155102237834.65
248938351112076.95
282879114406680.26
288996231241544.92
304435923186655.76
305658630604979.26
307552687198315.01
323848130160963.40
342896477186484.70
346987419741893.74
347564606945375.95
361194255524155.49
364950395165058.25
366746235216389.74
375641375106153.22
381816324583247.80
383088531650390.78
388235755145426.18
399791202149227.38
416461717216233.20
418405168257887.99
422294374381091.95
427023543168706.27
433249952171118.70
439815013121519.74
439815013582275.00
446101021133057.04
452907513109872.55
452907513126033.85
462462168168116.67
469457644191713.58
477605614325334.45
485692569193407.80
491246623122227.05
507517153189971.77
508739487191032.62
516628786446338.21
519289907113900.90
544528724101802.76
550392053102426.56
556605206518155.84
568079403299893.00
568121813317377.40
572804719117480.10
574605206147223.09
574605206345144.95
578299020722422.88
635752965141233.83
635752965359578.06
650825130505786.79
654751100108107.16
657717831100218.00
684051160527306.98
687051228190744.93
688934511204720.47
697507876432652.64
703509375348371.62
712686604243494.80
717732308153756.76
727460616221429.21
728066349641783.48
744886514358446.39
756409715188145.66
767090797329201.88
789835972238614.14
800719960526098.04
802764368124801.25
812342285410086.24
815870915635626.94
820522612380300.41
838038767350970.98
840052418214313.44
864780379291550.74
870308841729665.34
873722327217797.02
876982608127756.71
892768447267704.40
910985395264180.67
938193381574971.14
941706245165330.07
947336821100263.00
952093581104289.60
952827865118103.55
952827865234459.74
992484817109131.82
