102260703339366.93
109663353264217.24
110214774419675.17
122627851385288.81
128053188354563.79
143616141496836.96
168112199154961.06
169338279121006.93
178060486256936.61
186382757212283.95
189515767898525.30
194810104463022.69
199568135880862.29
205373035279067.39
206331108105192.53
213396943242342.88
225300737611399.63
227024004191527.78
236456055202109.66
236930781576349.04
240606459102600.52
256617553619766.81
278219696446686.08
289860384240781.70
334960441610201.87
356203328117866.97
361194255474398.00
378162833185485.45
396829952133240.79
398336007132398.02
398336007247268.93
439202619190663.78
450033863110267.72
452907513123362.64
454505347449047.12
455730993494258.91
494404564257448.73
495390908727744.23
508251419125181.15
525361683300518.04
548129152691601.42
550920165271932.85
556605206230912.30
560802817131691.48
569486726299522.48
574605206889541.94
576488475256873.04
597700047302179.41
612217407334419.89
616044848169043.94
621967544179659.79
623544731390413.71
631229305124719.78
645141474239214.11
650825130722855.59
666163731412747.45
667125327544213.86
688045796213106.45
688045796310081.16
694666401289555.89
708860887205973.19
715079332146255.80
724100989150873.29
728066349366629.95
728290540101893.62
741714598114864.17
745820413213923.84
751107410163294.22
755416563134056.65
756409715253750.62
756409715478912.23
765191526122346.58
767559506721568.43
772027421125575.23
773686797105578.58
788447113180807.19
792744363120818.34
800719960760598.66
805107938317278.86
807653867525651.93
812469877113455.53
816562775363441.41
833786644291506.42
864088029106831.04
864780379109664.36
870308841153418.59
870308841308254.29
884259656117636.41
885514539120076.78
906725953163550.76
908450089481701.36
938084343295723.59
938193381427010.14
938586701182504.62
945122047112405.73
949957077104849.16
953551961348134.85
978017109117551.89
992366063786415.66
993163024139029.57
