101156577763771.94
102417505107912.09
110765917176192.34
121001410131680.39
122103994435592.14
134195087117478.30
139315404418208.74
144086960706685.80
145294573191778.52
150753271196858.23
159880267101004.31
160594018366676.05
164904976130819.40
186382757506990.42
197435531940359.07
208252813297206.13
213602432108085.98
214875375144255.25
231403051114879.81
240606459748070.68
246578626214339.91
253356546817224.03
256617553100964.94
273918930124759.73
280562852657711.88
284151821330828.38
305260427109596.39
310719616921385.56
322087967234650.29
337491743198048.07
356708742412630.87
373777889650646.71
375468241159070.00
384080914440635.86
391123961742338.25
402010932162046.18
418405168292347.88
456871046114228.00
458889106314657.00
460581703380514.02
465082059146031.88
472953771315911.00
477743286453382.22
491246623272596.09
498143404169982.22
507517153147338.35
522274769499074.58
532472558352788.65
533363124172875.68
564477851250398.25
568750929632201.68
569486726486843.42
571264525364261.31
594324319141733.76
622018493326812.50
637624644455195.36
645171319196800.37
661371803509360.41
667125327126684.84
674252723218810.01
683783421207808.88
687844703100481.67
697507876136823.19
720638406110162.71
733212816157802.16
733212816518764.82
742107910214149.18
745820413123174.10
745820413176511.41
750482494256037.43
751107410451670.14
767560600197195.37
780564297107036.88
787448057109566.05
798927628742876.23
799447416598854.96
800263855477154.85
800602389301336.80
807653867152150.77
844946410124821.06
856453112185497.92
860734034119357.61
878534299192662.60
880075355267382.07
893441803663463.88
907135169136650.24
907135169137736.09
907135169404394.35
923698643115800.23
925380943175080.49
939409678568245.06
941706245689901.71
949957077202010.83
953276484519392.70
961832280177402.36
967522635535748.58
979709064305602.13
981162480182496.16
982766375339772.10
986611199564284.30
