101596937576258.04
101596937766850.53
103880243581526.59
104518388167872.00
117228782138502.50
119016727227680.98
119026684191130.93
132447352289113.47
137709375121635.62
137709375443529.39
138759230219898.73
139315404386805.59
152798968314882.14
156184156649690.60
159880267261696.43
163232964702473.17
164904976600480.16
169154377174474.20
174883568233968.38
179762367575690.75
184883882214242.58
184883882358239.91
197904816181768.77
208898303111458.22
234742004295871.83
240606459105127.25
246395504109514.41
248284961788139.33
253545920127382.92
260220807135004.93
275115779592299.63
276903838356922.63
284228307253458.70
297711458231425.26
299692662103652.63
300372299170996.95
302873488137509.40
305260427555446.36
305658630145230.00
319539594672510.71
323670838753100.05
366746235331438.06
378330817357107.74
381816324501596.68
401214573719908.65
402889444170217.60
406053005194392.25
407116351129186.07
418304933322081.28
424507928102681.13
427653658402209.99
469457644115056.32
472672595117574.15
480704953220176.43
488775063509574.75
489537808414732.59
499283581826733.16
508860646136746.61
508925718133079.81
515516619560948.82
519289907284372.71
525252585416141.77
533363124112172.46
562382583132434.58
573070853161532.93
593771725213158.18
599601333291518.19
601866754607043.75
613510744105482.30
623544731832151.86
644375478371622.49
647684066106521.53
654751100376238.42
688045796158281.28
689530017638720.51
726534543338310.56
727338137721589.07
741714598328443.65
743793189320820.46
746772132533359.74
747484841187425.11
753497183275167.47
772153147102691.94
792126435620201.10
827936539360658.49
833743918340009.93
838038767221297.07
843039617365068.16
846251855229613.97
861170886416468.89
864408674211674.08
882234971244037.43
947336821191845.30
952827865135085.02
953276484163083.16
964957760299770.38
991842459276691.97
992775582818316.57
997918938108187.76
998254744724346.34
