102981320522226.67
112836089437505.17
117396658609842.76
119498741768959.36
124915162233726.87
129875133146955.01
134195087104882.09
153925503306934.85
160006487280307.28
167519799624798.95
199568135312145.78
212331880404475.55
213396943354168.39
227024004210300.58
234742004570445.27
269437650108083.75
270329525718660.95
274765790197762.64
276903838263495.06
280661619433718.05
281506639435520.87
300069649165903.34
300372299198638.13
302873488191623.28
304435923141872.63
310445634687551.55
310719616497215.60
329371056441463.67
348746404161762.79
349996174406570.04
373471525101464.25
373777889108122.41
374363533100126.98
394019296311534.40
394188633116785.80
408575433528408.71
413082880470523.78
425836396386371.18
430429762152950.49
446572198267470.85
451898397297489.09
452907513488163.40
454505347122406.62
458314948176133.74
458314948319158.62
460129470214062.83
460581703116099.01
462462168371650.96
466227501218216.67
472672595784829.35
503122533122096.32
505967417511679.22
527367550160743.80
535091207798655.99
556605206119980.57
557278620122745.44
567784105130787.89
567784105135521.89
572804719550195.23
579716532312767.95
582433833425730.48
601866754237192.66
614168147267136.20
624782179346711.49
639863652101699.81
643780731115462.99
667125327420736.62
674252723508550.39
703509375213949.80
735416192765949.14
742107910172288.51
742107910178304.48
764284963558053.34
766272564189430.13
787448057765506.01
788447113188647.15
793913439359384.02
800602389790341.57
816562775139612.63
827692583130505.74
833786644160784.57
865845907343311.43
871029659243396.10
872643567319835.58
885613601139657.23
906471339112793.91
907135169206291.97
919465042116165.65
923698643114036.10
923698643114831.91
923698643356794.88
930363959225461.22
933389717120147.95
945122047119768.57
958140136448959.85
966461342203862.91
971155310101913.29
978008602183072.83
992958791538496.09
997660003158691.44
