112571729122648.71
129254821203868.10
142695573270814.92
152798968443341.24
156184156124281.72
157898134102264.36
159509387372549.59
164904976142847.60
164904976516324.72
165258260106548.54
171748766191374.66
173696140128327.28
189515767549899.03
194810104360495.04
197435531316379.84
197904816419775.90
199568135231097.37
211473251261597.10
213974503433604.98
215647935219678.99
225300737441123.95
233179776334298.74
246578626224259.91
252146182231548.44
263492694760177.91
272709278152226.86
280903690247348.43
305747566126491.51
334960441190540.50
342074651157882.88
342896477149374.97
347564606449901.77
351530440267435.50
356401591272192.99
367999686146481.82
367999686403606.74
391123961861914.24
397308858719770.62
451898397402439.21
454505347120276.42
458889106346975.93
460129470380638.27
460384223132202.72
469457644469460.98
490775374847929.43
503012100339516.57
527367550232053.18
564477851171049.00
568079403120429.73
568079403248432.75
571352753323954.47
573573263156290.75
574605206146763.86
587327921268202.15
591134335419779.00
596116932598239.51
599149683159637.39
645171319269564.06
650825130411753.13
687051228124262.02
688045796297893.09
694666401302612.23
703711397582770.00
715155736187832.21
715745746311900.31
725651968147047.09
726536216340038.83
727338137352327.56
727460616661680.30
736105066249531.20
736105066516906.07
743605154461768.49
747484841111451.97
763126179232107.59
767923546126399.66
772153147146395.79
776612198314424.96
786411085189682.57
803824523640129.45
804301199224157.11
815870915239907.08
820522612551371.87
833743918233677.85
906471339232131.17
906725953285503.17
908450089385997.57
913977793448349.85
923474867619423.94
952093581416527.37
955829535290598.78
957725074194548.63
957987877111038.16
982766375122437.76
986310355145357.29
986611199264354.39
986611199356682.99
986611199645038.31
996402539579133.03
997660003208949.94
998254744294903.37
