107304349416706.73
111374881285492.90
117228782191657.90
122627851334721.84
131320092407773.41
135196155196822.92
159509387473828.45
159509387901437.16
160631595179820.94
164904976257278.76
167002917761072.70
179762367202287.09
179762367315985.80
189515767374068.76
197435531496346.39
202257991152971.00
208252813614181.80
215647935144058.93
220072911124389.46
236848862432067.05
251687419142970.77
257911652116597.75
266711588670322.96
280797933595226.71
284228307246684.67
286547825232040.52
289120238418852.23
294948581153673.53
299490674353124.87
300585303125536.71
304435923700350.13
322087967238075.44
322087967239519.90
342896477322484.40
349996174781165.16
360648093314498.32
360648093353803.27
375890823725851.67
390209274100282.86
394188633404711.54
404967312110340.28
408575433540114.61
415625092399111.35
417123406400788.28
424293071128720.70
427653658366886.88
439202619229194.62
465082059416883.00
476873067228962.27
477127591106965.20
489537808148813.59
489537808210657.26
489537808498125.96
492413974166039.20
506460140309003.34
507517153379370.52
514855712788464.32
519289907488624.43
540275431120870.26
548395241440435.17
559506176178751.03
574605206328512.49
591386815103946.00
593634266124079.85
601866754155750.35
607424818337415.04
611824131218344.42
614497745259700.28
631987283227450.17
639863652186449.37
655015427150738.86
668975990470305.85
674269389511517.10
677308025605087.64
695721158143571.19
708860887117890.04
709753591139645.09
728010978645877.98
728419424184961.40
766272564666894.66
773686797197039.21
789835972705174.63
799447416413178.33
813920518142608.07
827924954151041.98
844946410432288.68
875501767102383.36
880075355362419.82
884563373354419.79
908450089611813.20
916303780243570.46
923474867243158.73
930363959414990.00
935560774126451.61
937277590259393.92
955667028156476.68
957987877203596.46
980803054224604.47
986611199412372.56
990095516121111.58
