107304349803340.86
117228782370833.50
119498741221896.52
127662812376265.20
132524384209527.28
134053382352619.31
143213151462704.07
149086189251155.26
184410327186103.38
188334686149002.19
200269226308983.85
213602432134863.76
226296901281795.69
229613819149830.19
241633719164938.51
247591311109882.29
251687419293166.84
266711588120115.47
280903690129590.28
284151821187969.56
289860384305892.59
304435923754196.26
305260427175024.93
310719616856722.66
314940761134303.31
326213588121439.70
348746404172850.61
351530440228605.04
356708742192339.98
360321320503335.99
375649427209221.21
375890823312722.75
378330817903271.64
394019296344293.41
396984280405243.45
408354382105530.40
426827475251971.10
426827475285427.12
436541345620087.09
462462168309600.92
465082059373572.71
473901580130390.44
496808525152678.17
505967417490689.87
507517153430662.81
508739487220701.40
516421257355850.92
516473646408466.17
522078050248982.41
536388893536296.07
540275431469408.70
549243175295241.94
573251199166752.62
573573263131028.08
576637740229176.90
587327921160420.92
587327921195816.51
591755775159748.32
596735948816927.71
609956325430722.76
639106352127021.18
687844703221576.83
696762410520057.72
697268393303780.12
700769920183988.48
705077862145523.74
709753591101391.19
715154514206996.43
719921851212531.44
728010978665930.92
749024226446179.14
764423530159057.88
765191526287501.93
767559506249250.46
774369338355118.27
775854690403098.57
787448057228408.49
792744363644619.41
795096195180473.70
803192777336375.64
804704037112499.61
805107938173516.95
849037548191972.99
849037548282081.29
852391417967372.12
854673599718074.88
867061858343316.59
882234971341338.15
892768447397745.99
909570481108226.96
910985395797555.66
914803330127699.63
920265619340611.94
929784486320101.50
955667028212872.83
961832280145152.55
961832280716386.55
967522635646615.32
990095516100462.23
998254744553731.57
