100075100193397.74
100075100220020.55
100803031320229.96
100803031399510.61
100803031235120.06
101156577500399.45
101156577121413.45
101596937350604.85
102260703127296.09
102417505193743.64
103880243439900.09
103880243304650.82
104518388403350.76
104518388776832.08
106055610212780.57
107019140154432.84
108262806330417.07
108890991201869.01
109663353150969.44
109663353210204.16
109663353744232.66
110017382244788.78
110017382117295.19
110017382323215.93
110017382517678.54
110214774263924.48
110214774166941.53
110765917179061.90
110765917280326.19
111374881546612.96
111681384242967.13
111681384264326.74
112571729215135.02
112571729330932.90
112571729542413.86
112836089564073.43
112836089107471.29
112836089741090.06
113306414121938.40
113306414146765.35
113306414194143.37
113959481136351.22
113959481112277.04
117228782338981.95
117228782442962.79
117228782111578.35
117396658407478.69
117438597234641.24
118365161116084.60
119016727404324.69
119016727341303.07
119026684396977.99
119026684361725.79
119026684111628.76
119026684144925.63
119026684443394.75
121001410274072.33
121946888721627.30
121946888147062.48
122103994108847.06
122103994163502.60
127662812265267.05
129551756648762.30
129551756666997.45
129551756228364.69
129875133466178.21
129875133104509.98
130187347578551.41
130187347476740.12
130187347546949.49
130187347567908.51
131320092662343.67
132447352143745.83
132524384139197.01
132524384163188.29
132524384166752.00
132524384126850.30
133904151238537.36
133904151509484.42
134053382448525.41
134053382724245.64
134053382221464.38
134195087229451.07
134195087228166.52
135196155707137.85
137281364101528.15
137281364174643.82
137281364195336.81
137709375308648.36
137709375116740.66
137709375218758.78
137709375274534.90
138693034387235.44
138693034214107.24
138759230110249.57
139315404161427.31
139315404252878.81
139450583239597.91
140787251167356.40
143616141239086.79
143616141427652.72
145294573182329.94
147626232137728.88
147949197584116.47
147949197235968.19
149086189117298.11
149086189547241.04
149673275247732.49
149673275133345.37
149673275197098.31
149720314370803.17
149720314270091.41
150391254115098.57
150391254124764.58
150391254830292.67
150391254167563.11
150753271243528.42
150753271278404.60
150753271185421.93
151020112618859.48
151926654324038.02
151926654367242.87
151926654124570.73
152798968551916.75
152798968606010.49
152798968343326.46
153925503122421.69
153925503446399.65
154586988560503.09
154586988402351.07
154586988169745.46
155296524216641.92
156101978530388.27
156101978258063.44
156184156786325.94
156184156514852.22
156184156302066.00
156184156415571.34
157898134171310.60
159509387727552.37
159509387492198.60
159509387474482.95
159880267108309.46
159880267124166.63
160006487161463.19
160006487624478.45
160006487139521.93
160631595447053.89
161100836411312.15
162015601741551.52
163061073407505.22
163232964289170.13
165258260126560.84
167002917133962.94
167640157356704.51
168112199339660.05
169154377686052.81
169338279332997.06
169338279222093.00
171346863362197.84
171346863412654.84
171534295293984.16
171534295234784.65
171748766948802.46
171748766555457.08
171748766135388.56
171748766336242.11
174671762244643.37
174671762335752.56
174671762369901.80
174671762166992.34
174878306106524.94
174878306237423.98
174883568211514.65
174883568414563.55
174883568105838.37
175584179257473.30
175584179528320.08
175584179557409.72
176108647180714.23
176108647282045.83
176108647524615.46
177510149402031.25
177731427184675.02
178060486360855.18
178060486200248.10
178758666108877.23
179762367235040.30
179762367290620.55
182774156503582.77
182774156216501.49
182774156278063.60
182774156603152.06
183691383413415.41
183691383210529.61
184410327407032.07
185152448345961.51
186382757785114.83
186382757287416.91
186382757223986.13
188334686303821.95
188334686160146.50
193262678119465.79
193262678103576.92
193711006388467.30
193711006317899.36
194810104478144.42
197435531449586.68
197435531739491.54
197855977321389.82
197855977412063.19
197904816512632.78
197904816382358.54
197904816518368.54
198855106223980.50
199568135304944.54
199568135197804.00
200146461357643.00
200675412343049.79
200675412619402.30
202257991504316.61
202824367501216.37
202824367177997.85
202824367142849.27
204235604360711.41
204235604531465.23
205373035327197.52
205373035392313.77
206331108140041.05
206331108835026.49
206331108664503.81
206331108387733.73
208252813552793.93
208898303248184.40
211473251702749.89
211473251683850.16
212331880291992.17
213071140620319.51
213071140506495.55
213396943179506.78
213396943117265.69
213602432676461.37
213602432487893.35
213602432127955.67
213974503365761.29
214875375380356.75
216594016507440.63
216594016398554.03
223218265123055.06
223218265132920.91
223218265611281.60
225086135540052.48
225300737312108.23
225300737136526.33
226296901585377.93
226296901204322.81
227842032110069.76
228054518124585.69
231214121617163.33
231214121313033.60
231403051256764.97
231986561329946.60
232534761430957.13
232534761210823.91
232534761168291.24
232668625127128.70
232668625281562.38
232668625158706.97
232668625764234.04
233179776299617.38
233179776629587.75
233179776110209.36
233967114407281.22
233967114312625.80
233967114738853.85
234155102143761.48
234155102444317.22
234155102373904.19
234155102531802.94
234380094270000.48
234380094286741.57
236456055309055.78
236848862222641.74
236848862602340.82
236930781250927.57
236930781610219.78
238163265410448.00
241633719157777.71
242612545328204.70
246387732223955.00
246387732394668.53
246387732664455.97
246387732166323.55
246395504245826.92
246921183610165.28
247591311279030.88
247889291102966.91
247889291136253.13
248284961238487.44
248938351296308.23
249420279514132.78
250189385221297.59
250189385448834.95
250503993127604.51
251687419102995.26
252146182476330.20
255125620168907.77
255125620200429.73
255906899118505.63
256617553236824.08
257911652308624.91
257911652101899.76
258550326310495.16
258550326218435.48
259683861611506.88
259683861779288.78
260220807128454.90
263492694462213.78
263492694428731.87
266711588252071.88
268908366326505.68
270193205817607.28
270329525376619.59
270329525103113.84
270329525218966.29
272709278100992.86
273445992117499.82
273918930349139.43
274765790103773.85
275115779170258.53
275115779281726.12
275411499250057.97
276903838160897.96
278219696229256.28
280225069272215.65
280661619198760.12
280661619108028.88
280661619144890.45
280797933632618.57
280903690169884.65
282441191269824.46
282441191379714.69
282879114100274.04
282879114267449.23
284228307367146.84
284228307110755.82
284228307186231.15
284278668458091.42
284278668587774.03
285241161103797.75
287194096211261.91
287324315165859.22
287324315377794.25
287324315141236.35
288996231278527.85
289120238737444.98
291250183292069.66
291250183178669.39
294948581174725.36
294948581564183.00
297330673208193.60
297711458399778.94
297711458159544.23
297711458257578.66
299490674260373.01
299490674451449.63
299490674219909.26
300069649150794.72
300585303494297.75
302257891488029.57
302873488183660.85
302873488103056.09
303129987927232.67
303129987599885.47
304435923405055.76
304435923111595.91
305260427869708.83
305260427111387.34
305260427112281.77
305658630346112.11
305747566552958.97
305747566687114.15
305747566738148.06
305747566388209.21
305747566534935.38
306920818461808.20
306920818101627.13
308106984126384.60
308106984281654.59
308106984202263.72
308106984219750.61
309594392331985.66
309594392168990.72
310209435330210.13
310209435285226.85
310209435160635.35
310209435456308.31
310454191201757.61
310454191209752.46
310719616581469.09
310719616688602.03
310719616614087.41
311939514191448.98
314940761158126.42
314940761287832.07
314940761446273.89
315846409178436.27
317453153106567.21
317453153351446.59
318614657290008.37
318614657231219.38
318868292133979.26
318868292224443.53
318868292428235.87
319539594407715.49
319656394130260.50
322087967102715.00
323670838427448.95
323670838183581.11
323670838137211.12
323670838321055.38
323670838418861.22
323848130475250.93
325918281160036.71
326213588271995.74
327010449616261.85
328354088338306.11
334193213105880.10
334960441207607.07
334960441709728.37
335537630390071.32
335537630449753.97
335537630243024.37
335537630261209.91
335537630282375.68
335715381293381.30
336801473124423.09
336801473836699.75
336960695110637.61
336960695145661.99
336960695333057.12
337491743256400.27
337491743157892.26
338290715141345.65
338290715161777.67
340842280421338.96
342074651116249.08
342074651481293.23
342074651145229.04
342074651170358.27
342896477241316.34
342896477754511.78
344397779135578.68
344397779436467.36
344397779206636.52
344397779109390.90
345774001384262.25
345774001113012.18
345774001109894.29
347564606365860.42
347564606112799.05
347982043556571.62
348746404439191.90
349996174654923.20
349996174382802.48
349996174399510.64
350620769125979.77
351530440237453.18
351530440357762.34
351530440175794.94
356203328284403.64
356401591255036.78
356401591193058.32
356401591175944.63
356708742151384.60
356708742213016.99
356708742252810.56
356708742105176.76
359988945508609.35
359988945195751.78
359988945390222.96
360648093253225.02
360648093115766.18
360760357466893.66
363393550265991.32
363593682470594.59
363593682695654.55
364950395206472.57
364950395293725.53
364950395308217.07
366650656120920.11
366650656109425.81
366746235203365.65
373137581479275.55
373137581185003.40
373137581335512.41
373137581125108.67
373471525127128.61
374363533340397.27
374363533106441.65
375468241265855.38
375468241300829.14
375641375412746.32
375641375127673.56
375641375666490.66
375649427522619.24
376923868343983.42
376923868945809.02
378162833328328.59
378330817767784.32
378330817114498.00
378330817180214.28
378497248551280.73
378497248303033.86
378497248461517.13
381543660221824.47
381816324238955.72
383088531263927.95
383088531313420.09
383373004317144.52
383373004143964.88
383373004133483.72
383648179174500.04
384080914262367.87
384080914102860.05
384080914472923.71
387186313353613.23
387500606131919.93
388303403112494.92
388303403276513.44
388875201451224.46
388875201315378.35
390209274304944.78
390209274419847.89
390772134811769.73
394019296192284.80
394188633238757.76
394188633497926.15
394188633276490.04
394188633238639.53
394188633246503.99
394188633237297.27
394188633125148.49
396829952526710.03
396829952140951.73
396984280119472.30
396984280278134.10
396984280477524.78
396984280128142.25
397308858665589.52
397308858472178.26
397308858243540.36
401214573288372.81
401214573419108.64
401214573190448.38
402889444240548.39
402889444727972.32
404175752305430.49
404967312312214.20
404967312101924.68
404967312102718.26
407116351147589.20
407116351337175.85
407116351315136.54
407116351215713.00
408575433350595.37
408575433754831.05
413890988265272.65
415625092676798.62
415625092159056.98
416461717790045.42
417123406494836.04
417123406177727.52
418405168242785.33
418405168268532.91
418405168249873.33
419600217366879.51
419600217395190.85
420096621255791.94
420096621198725.51
421251419433012.26
421251419278134.99
421251419176505.21
422294374320524.09
422294374674478.51
422294374127731.18
424293071976045.07
424293071338786.81
424507928656908.54
424687486402781.94
424687486107776.09
425263826107071.90
425836396293845.30
426198015573706.54
426827475251258.87
426827475591657.42
426827475173487.98
427023543326376.00
427023543567392.55
427023543246737.12
427023543291119.06
427653658152758.16
427653658297933.83
427653658143344.94
428026116211192.76
428026116165452.51
429444957181242.31
429444957594109.70
430429762135380.47
431781818243513.96
431781818271601.89
432482257277252.69
434306159654663.42
436541345539740.80
436541345355899.81
438571031476195.09
439202619102420.23
439202619296668.12
439815013160798.86
444632472173857.38
444632472609148.33
446101021483373.89
446101021291117.21
450033863220953.45
450033863266501.90
450033863205743.39
450033863315440.05
450033863756157.64
451898397107947.39
452907513787936.47
453124762374626.55
453124762151824.58
453945758600479.97
453945758496711.94
453945758756234.32
453945758151955.92
454505347391427.30
455563512303900.59
455563512395036.88
455563512102752.02
455563512270999.19
456482293218450.16
456482293241460.10
456871046760281.14
458314948161534.39
458314948528361.10
458314948122342.22
458889106538019.99
458889106135430.09
459758995333483.99
460129470520476.48
460384223224299.59
460384223340932.97
460581703326315.60
460581703149235.74
462764033933781.71
465082059103547.11
466227501520230.51
466227501197358.47
466227501653732.20
467196963808771.33
467196963228157.18
468868295308145.28
469457644242805.88
470045158379353.62
470045158153412.93
471857970129195.48
471857970178267.58
472953771245172.02
472953771143313.79
472953771271861.27
472953771403283.43
473901580350936.38
473978837240617.67
473978837138611.46
476386452462716.91
476386452259564.44
476873067249779.18
476873067122920.53
476873067401462.61
476873067275667.48
477605614304845.24
477605614130170.48
477743286284742.00
477743286151530.76
480704953201644.39
480704953163257.03
485170462725312.67
485170462167599.11
485170462404164.06
487578976109513.77
487578976342150.41
488775063272731.44
488775063329809.09
488888112192559.42
488888112198217.17
489537808341126.70
490775374167037.77
491246623144857.22
491246623111335.72
491246623375313.11
492413974100595.06
492413974473922.86
493683428514022.20
494404564103934.58
495390908522922.54
496793622408874.12
496808525259448.65
496863696343411.54
498112669413688.21
498143404100658.54
498143404107488.68
498548222111796.69
498548222155433.37
498548222281427.51
498548222569299.45
499467860101363.44
499467860147906.19
499467860560461.85
501158925464752.36
501284104543446.76
501284104637294.14
501284104417854.57
501284104405079.87
502176650429075.24
502176650242583.81
503012100140745.42
503012100125919.45
503122533711041.20
503122533322571.69
505967417146991.92
505967417424557.05
506140362112703.51
506140362101027.18
506140362363747.00
507517153671640.72
507517153112639.02
508251419234338.14
508251419516923.44
508739487358029.73
508860646109529.23
508925718426809.61
508925718103587.30
508925718520980.31
508925718135377.78
510037513332824.92
510037513401047.51
510332426655026.47
510332426529884.02
511077882155292.85
511077882174149.19
511077882535234.63
514855712111477.86
514855712195086.44
515516619109629.64
515516619140835.02
515516619470242.17
516257727269423.96
516257727390512.36
516421257877000.89
516421257371413.93
516628786195668.32
516628786816873.28
518109934136939.89
518109934157442.27
520080558121993.44
520080558126219.64
520080558176504.28
522078050371991.26
522078050631398.80
522078050386950.78
522078050355207.59
522078050245218.12
522274769395024.97
522274769574415.87
522274769101400.22
522284048401517.13
523628542816057.32
523628542253059.64
523628542285827.46
523628542402893.33
525252585137793.02
525252585586740.36
527367550607593.65
527367550347026.85
527367550143625.15
532472558475660.41
532472558210871.47
532472558686916.19
533172258272352.48
533363124429140.06
536388893137300.17
536388893297223.50
536388893415441.14
540275431127468.71
541413187166046.30
544841969223474.63
544841969213418.57
546254123193123.28
546932506345061.56
546932506185799.87
548129152731540.54
548395241723288.78
548395241624026.71
548481212118470.25
548481212113857.97
548481212468830.93
549243175139931.34
549243175240478.90
549243175349684.37
550920165288204.13
550920165186606.47
553656369224537.64
553656369139410.30
554268365143021.72
554268365670680.96
555401971111864.05
555401971585950.33
555790640272867.96
556537470308543.52
557278620454892.62
559506176192436.00
559506176436253.66
560162315284415.30
564477851109294.07
564933553109161.81
564933553602554.84
564933553545837.74
567139088494487.63
567139088409633.83
567218651544757.89
567218651333193.27
567218651271906.44
567784105153055.94
568079403243990.58
568121813727168.96
568750929120094.55
568750929204435.85
568750929455720.64
568750929430588.61
569486726157508.69
569486726136895.62
570950541340928.85
571264525227184.73
571264525201695.10
571264525758586.48
571352753180544.76
571352753692854.41
571352753375378.32
572337884595647.90
572804719142270.56
572804719240313.26
572804719227381.27
572884241143876.09
572884241322827.88
572884241480965.29
573251199290324.64
573573263108548.86
574605206117459.18
574605206348633.27
575858400140612.00
575858400406433.22
576488475114878.99
576488475397928.93
576488475258602.49
576637740251790.18
576637740121423.74
576637740340768.01
576952335289181.95
577091859217204.13
577980947115540.29
578256628211148.85
578677978113221.24
578677978514104.23
579716532237304.98
579716532361945.81
579716532308136.97
579716532295790.20
579977556151128.32
580510726309790.04
580510726705024.66
580510726259428.38
580510726350460.01
582433833199292.58
582433833346083.61
582457800397219.61
582457800478940.90
583581204261257.12
583581204204774.10
585432648367102.75
587327921128728.00
587327921356423.94
589037736213559.57
589037736402965.22
591134335152415.18
591386815367787.92
591566736576903.82
591566736446872.66
591566736283531.75
591755775345321.38
593634266383248.47
593634266139307.82
593771725649503.38
593771725137613.15
593771725103061.41
594043398138602.20
594043398478619.26
594324319331619.25
594324319110167.11
596116932116156.28
596116932258031.21
596116932669160.15
596735948205979.76
596735948197780.43
598188631743938.39
598188631128864.37
598188631217407.74
598188631228094.93
599149683137983.66
599149683569256.96
599149683472801.03
599149683338207.60
599199529173171.33
599199529168906.32
599601333143119.31
599814919855009.28
601866754295986.98
601866754546623.69
604314812133992.60
607424818114336.91
607424818102631.24
607424818352063.41
607424818456090.33
607784672205805.61
607784672357331.21
609357423269046.28
609956325474156.21
612217407123441.08
612217407317894.73
613510744267709.03
614168147248217.11
616044848441098.49
616044848338326.17
621333885105136.50
621333885111243.00
621967544503175.77
622018493189688.16
622018493601191.62
623544731113335.00
624782179100721.59
626305925389157.86
628095494178602.02
628095494299483.68
629853331187750.64
629853331717061.89
631987283194850.57
631987283115375.66
632481654615815.56
636087692284053.29
638323057547828.60
638323057211679.08
638323057430644.19
639106352149824.55
640296389444536.43
640296389710339.43
640296389662824.35
643780731223687.38
643780731327207.51
644375478220280.06
644375478245760.70
645141474124073.49
645141474107093.76
645171319347781.51
650275710221838.68
650275710391912.37
650616593640012.82
650616593183659.56
650616593936377.53
650616593240512.69
650825130258215.84
654751100673560.74
654751100622428.39
655015427609098.46
655015427642077.77
657717831271828.15
657717831380681.73
663099628381789.42
663099628141481.92
664704523195748.00
664704523300019.45
664704523134486.17
664704523152041.19
666163731441428.56
667125327692286.39
668975990140660.65
668975990140269.61
669330235153554.17
669330235214071.95
669330235191572.79
669330235335152.97
670886330100058.50
671538009530494.96
672665835536079.16
674252723477677.32
674269389175512.20
674269389100202.01
677308025387829.20
677308025305568.98
680853772230860.99
683783421578285.43
683783421159350.61
683783421439043.04
684051160217256.08
687051228509106.53
687986102509803.48
688934511258951.52
688934511305481.00
688934511482507.72
688934511127738.13
690445256275455.18
690445256335460.46
692813473356987.68
694666401385508.44
694666401185412.40
695593032134720.29
695593032158750.58
695721158189122.91
696762410688352.38
696762410269767.68
697268393145740.16
697268393337495.50
697268393560610.94
697507876453269.87
697507876175809.20
700769920100056.30
703509375142721.32
703509375161227.63
703509375537231.59
703711397257882.92
703711397171708.17
703711397166345.97
703711397201902.45
705077862111788.57
705077862158064.96
708860887222059.01
708860887408798.88
709632903139613.33
709753591545552.10
711042412756617.02
711042412347426.78
712104267182679.60
712104267511426.67
714573514730836.42
715079332117762.45
715154514321452.57
715154514209660.43
715745746295927.04
717732308163687.17
717732308813189.65
717732308556717.26
719921851192502.45
719921851124444.45
720638406299670.16
720735142213577.60
720978012366770.00
720978012104293.56
720978012415860.41
721700362484995.64
722593429366304.80
722593429297012.35
722593429113109.31
724100989199119.46
724100989527960.06
724554875466688.60
726534543436853.34
726534543426130.40
727338137272501.93
728010978170632.82
728066349765075.43
728290540320598.40
728290540388411.11
728419424619865.52
728419424519757.11
728419424141070.20
728581698259604.11
732987378513026.17
733212816238485.98
733279489488689.12
733279489134092.79
733279489636301.90
734534344336179.22
734534344114941.50
735416192784523.51
735416192108155.04
735815836419219.39
735815836401126.59
735815836288122.94
735952744128658.49
736105066617213.28
737774362493042.91
741118256565264.92
741118256118628.93
741118256548276.18
741118256753033.55
741118256132761.03
741714598204157.33
741714598496364.55
742107910205126.78
742325919546810.73
742325919334651.15
742325919247554.49
743582967282793.39
743582967273996.72
743605154104128.61
743702952424147.52
743793189233923.91
743793189113076.12
744080844104826.23
744080844421818.12
744080844115420.35
744111618154688.18
744111618308812.20
744719160689702.40
744719160662915.51
744886514738801.62
745820413160849.29
745820413507748.81
745820413717013.50
745820413422479.06
746772132244833.31
746772132649752.80
747484841271947.06
747484841343139.40
749024226503746.47
749024226518000.26
749024226340554.89
750482494422366.78
751107410223871.56
751107410248092.03
752909584227997.01
755416563224195.10
755416563262106.00
756409715109868.58
763126179250356.95
763126179545942.63
763126179407067.80
764284963313225.82
764284963398963.04
764766950127939.87
764766950426080.10
766272564279086.21
767090797104781.32
767090797403140.58
767559506454585.66
767560600257679.82
767923546176527.34
768760990237853.31
768760990319719.73
772027421515073.49
772153147428667.36
772153147164838.60
773686797245030.16
774369338112566.17
774369338128451.19
776612198101589.72
776612198104210.60
779898477412813.82
780307713111987.90
780307713194775.49
780564297315579.00
783558945154536.48
785197350362501.31
785197350111184.81
785197350325239.79
786411085158386.02
786411085363343.73
786411085445941.65
787277561159953.03
787277561102844.24
787760922619248.60
788376313156468.25
788376313448683.94
788447113284448.24
788447113208234.59
788447113225314.45
788874963113050.22
790352185508614.36
792126435336942.04
792126435427034.12
792368394307909.08
792744363493438.31
792744363339846.09
792744363191747.11
793913439417475.85
793913439755837.17
794920973269105.59
794920973450006.95
795096195376839.90
796309849199696.11
796309849515405.83
796309849404859.02
798927628669398.50
799353999533182.23
799353999146042.09
799447416125229.11
799447416363222.00
800602389398976.89
800602389173811.70
800602389379245.24
800719960336984.52
801071882360043.23
801071882265671.60
802764368232273.88
803192777368704.65
803824523102564.73
804301199154284.92
804704037315737.15
805107938349715.78
807200119101710.11
807653867470389.15
807653867801284.75
812342285126257.80
812469877494127.51
813920518241745.03
815870915136866.26
816562775311471.61
816562775172784.52
820522612284420.28
820522612401550.31
826458235209775.39
826458235782799.62
827924954464626.63
827924954153495.48
827924954510696.18
827936539368138.58
827936539226316.08
829088534584573.51
829088534226153.13
829708620112811.50
829708620263009.76
832048507254276.32
833743918481880.65
833743918217268.65
833743918301900.64
833786644151168.27
833786644164293.14
834417306337257.84
834417306522567.68
834417306156084.24
837956843421733.46
837956843253453.16
837956843136137.29
837956843755814.78
838038767184135.65
838515118739322.98
838515118435000.05
842240339450109.29
842240339759525.27
843039617226208.41
843039617168688.77
843039617942828.55
844946410408512.72
844946410153666.84
844946410266751.72
846251855126439.35
847566961233139.47
849037548132912.83
849037548400823.95
849037548759752.77
852391417197987.67
853800531157775.10
853800531120034.36
853800531195064.52
854673599372533.86
854673599514287.51
855341876224345.54
855602001262937.45
856453112493755.76
856453112393445.61
858096665372290.16
858619365122827.52
858732508284224.04
860583046573153.20
860583046641706.14
860583046375396.57
860583046165337.12
861170886896718.42
864408674612075.91
864780379156582.25
865845907112969.60
865845907276140.79
865921924131718.16
865921924357347.37
867061858201295.07
867061858160635.33
870308841116831.02
870308841501334.89
871029659268112.40
871712010412130.97
871712010356437.98
872643567124763.27
872643567223213.33
873722327590398.44
873983543193143.92
873983543327815.38
873983543821397.97
875501767737140.31
875501767102792.09
875501767800835.30
876982608194414.23
876982608358592.28
877847577145514.76
877847577276650.64
877847577149105.22
877847577308656.60
878061989178911.61
878061989331880.17
878061989224642.54
878061989381585.41
878061989174406.24
878534299146298.15
880075355219698.49
880075355445016.36
880075355352181.73
882234971388716.84
882234971733474.91
883906066794882.37
884826319149967.26
884826319203065.40
885613601101989.53
885613601378959.46
890228256484596.70
890228256373846.06
890228256824444.40
890228256129178.19
892000970704948.45
892452887217089.22
892452887267904.24
892768447194321.12
892768447531888.47
892768447699413.38
892768447594291.99
893441803122788.80
895334626588486.24
896259087197983.18
899424928349749.25
901355839504364.76
901355839491903.74
905095305197855.39
905095305404735.28
905207705113730.84
905207705366571.31
906471339421541.92
906471339168634.53
906471339283880.99
906725953119575.06
906725953177234.49
906725953243015.80
906725953113123.96
907135169782813.20
909570481540886.20
910985395107874.09
910985395186072.74
910985395116977.34
910985395596680.63
911398268135257.79
913977793215395.37
913977793744025.05
913977793170651.75
916303780161365.04
916303780179903.73
918892608194902.46
919002406361736.74
919002406487943.67
919002406108078.53
919002406290807.21
919465042276862.20
919783045454358.05
920265619501812.65
920265619188907.17
923474867117596.20
924705809137879.48
924705809173993.21
924705809147433.15
924747060232045.51
929784486100396.02
929784486162162.20
930363959503716.70
930363959333775.64
933385473349379.84
933389717270930.39
933389717178551.64
934000522129288.68
934000522152889.13
934000522508755.79
935560774147226.16
935560774223865.47
935560774156629.10
935738051457525.90
937277590217069.39
937277590604509.17
938084343469575.23
938084343193578.14
938193381113332.54
938586701841081.54
939409678308089.31
939409678118477.21
939409678541508.65
941366519593128.15
941706245400733.83
941706245105186.50
944771490120591.21
944771490125954.12
945122047138193.72
947336821145300.07
947336821187357.59
947687206144497.06
947687206676107.36
949634743642176.83
949957077538230.61
951461889401729.94
952391123661049.61
952391123347554.06
952391123840007.08
952391123130562.45
952827865100216.63
952827865140407.36
953276484102399.89
953276484196441.51
953551961308071.84
953551961237885.06
953551961329221.00
954384924608351.02
954384924152905.15
955829535301528.40
957725074239264.35
957987877101410.38
958776195373835.42
958776195399222.33
961832280503373.72
962693075133621.99
964957760647941.40
965364270278737.90
966461342665854.06
966461342169782.15
966461342323031.95
967522635324357.70
968882645186643.76
968882645112456.14
968882645180800.63
971155310314370.04
971155310289735.30
971155310285972.67
978008602358131.02
978008602143689.51
978017109735210.75
978017109496840.98
979709064189688.25
979709064186512.99
979709064412318.65
979709064165379.94
981166685296633.86
981166685350640.51
984950748210537.55
984950748440581.68
984950748140788.61
984950748345488.15
986310355189598.71
986310355131178.74
986310355478143.87
986310355304531.06
986611199106223.31
986919540189256.10
986919540309405.97
986919540127710.81
988676105142790.23
988676105436936.08
990095516293679.72
991842459350947.84
992366063172944.49
992366063771048.88
992366063306093.17
992366063341741.50
992775582118444.35
992775582150885.68
992775582110736.57
992775582574502.85
992958791273150.01
993163024102667.45
993163024296254.28
993893498484787.14
995876448119972.13
997660003435656.85
997918938207399.00
998254744151215.51
998254744610367.51
998254744617099.25
998943288129349.76
998943288591926.87
998943288205981.71
