100075100577825.09
100075100592053.35
100803031283528.05
101156577172017.00
101156577250881.32
102260703206368.98
102260703504109.38
102260703283093.88
102417505139103.62
102981320207235.11
102981320559531.93
102981320252962.66
102981320192164.61
104518388238703.36
106055610168852.59
106055610152756.73
106055610514440.44
107019140396723.06
107019140247444.33
108262806138191.33
108890991124938.89
108890991146643.09
110017382117685.66
110017382103481.44
110214774238545.71
110765917313626.54
111374881192561.60
111374881745095.58
111681384180159.36
112571729553739.45
112571729124414.86
112836089358052.22
112836089134672.77
113306414697340.15
113306414245607.65
113306414157097.48
117228782267138.20
117228782232307.69
117228782135080.48
117396658204638.85
117396658257807.18
117396658121296.53
117438597434884.77
118365161607023.49
119026684423155.79
119026684139767.17
119498741372654.55
119611116600716.40
119611116411469.08
119611116120963.15
121001410482510.50
122793853214833.17
124915162738186.20
127662812212055.83
127662812421670.08
129254821176805.84
129254821640444.17
129551756241866.10
129551756521096.49
129551756766115.53
129551756111926.54
129875133819032.87
130187347228857.91
130187347553108.24
130187347204063.44
130187347124192.60
132447352523457.63
132447352146853.09
132447352127035.48
132524384659644.83
132524384410169.16
132524384227837.91
133904151271872.12
134053382238830.02
134195087845758.68
134195087110174.82
135196155480874.32
135196155751459.71
135196155461638.30
137281364401610.87
137281364349249.64
137709375152588.17
137709375186155.62
138693034109230.38
138759230432265.28
138759230102219.07
138759230147233.59
138759230234444.58
138759230114232.15
139315404439887.87
139315404340297.53
139315404304494.02
139315404168498.07
139315404101703.13
139450583151653.92
139450583236896.28
140787251437687.02
140787251743538.78
142695573659960.49
143213151212269.83
143616141285739.55
143900095160956.79
143900095544763.45
144086960190627.95
145294573579549.95
145294573182415.98
145294573150191.06
147626232223074.64
149086189190344.11
149673275276867.63
149673275469363.99
149673275374211.00
149720314536126.25
149720314143194.03
150391254194442.23
150391254271165.22
150391254178514.06
151020112385217.35
151926654480423.73
151926654334112.26
151926654282823.29
151926654391167.36
151926654211233.56
152798968164315.34
152798968115043.80
153925503181634.09
153925503340310.75
154586988205154.78
155296524333717.59
155306319159308.56
156101978807392.75
156101978101069.72
156101978411362.96
156184156217291.61
157898134102015.30
159509387104415.69
159509387501041.65
159509387349087.16
159880267338083.22
159880267288460.44
160006487582598.78
160594018535441.01
160594018106683.59
160631595344226.66
160631595448290.14
161100836210684.62
161100836185842.52
161100836191764.51
161100836135793.17
161100836220695.44
161415507181073.79
161415507185823.91
162015601712685.10
162015601503053.01
162015601112273.63
162541070334562.47
162541070476473.24
163061073495649.68
163061073423355.69
163061073125528.01
163232964574291.09
167519799237500.45
167519799183926.75
167519799238781.72
167519799780753.44
169154377251226.47
169154377569574.02
171346863180193.65
171534295166368.69
171534295324893.34
171534295173590.89
171748766313158.72
171748766384405.39
173696140119538.73
174878306313682.66
174878306217313.79
174878306327744.07
174883568816899.22
175584179186351.25
175584179712562.28
176108647247673.64
176108647286785.29
177510149244981.61
177510149127378.00
177731427435044.35
178060486407605.00
178060486122986.59
179762367371168.20
179762367185466.06
179762367860819.30
182774156145491.68
183691383491603.78
183908839470699.29
183908839453034.56
184410327898017.12
184883882190692.65
184883882124719.69
185152448593840.85
186382757242127.59
188334686254930.77
188334686168716.24
189515767260989.18
189515767426976.32
190193297272491.18
193262678158763.32
193711006163183.89
193711006932296.63
193711006164108.63
193711006767112.12
194810104147140.64
194810104117017.98
197435531757195.60
197855977396429.95
197855977841864.09
197855977271317.93
197904816270195.68
198855106361999.42
198855106280354.73
199152613175960.14
199152613198712.53
200146461331115.56
200146461296000.77
200146461138308.23
200675412558314.04
200675412514305.02
202257991133504.68
202257991404600.14
202824367407264.00
202824367362196.80
202824367127696.57
205373035312001.44
206331108107158.58
206331108484023.83
208898303188333.42
209331946205144.78
209331946414537.83
212331880181659.96
212331880369566.55
213071140161919.45
213396943108081.82
213396943120269.35
213396943723927.57
213974503580621.94
213974503119024.28
223218265106226.23
223218265171160.31
225086135324300.63
225086135129481.77
225300737576063.45
225300737248498.03
225300737248866.24
225300737471326.27
225300737172091.70
225300737683638.73
225300737196133.35
225300737580063.28
226296901527509.16
226296901625244.07
226296901697132.30
226296901103615.54
226296901192474.25
227024004184250.17
227024004254011.53
227842032131393.31
229613819117226.14
229613819305292.89
229613819101503.52
231214121178237.85
231403051119491.13
232534761130527.62
232668625349740.38
232668625621481.74
232668625214767.67
233179776119731.47
233179776182175.56
233967114139689.75
234155102313039.50
234155102102777.86
234380094544303.96
234380094444336.64
234742004283788.22
234742004144522.51
236456055315245.76
236456055273515.48
238163265109533.95
238163265161220.67
240606459182536.09
241633719104148.15
242190041542364.94
242612545370808.75
244846436296824.07
244846436343261.23
244846436547669.53
244846436496127.43
244846436158040.55
246387732135303.79
246395504423704.74
246395504111540.18
246395504390278.80
246578626192332.74
247591311523612.11
247889291600375.26
247889291378918.48
249111475110316.05
249420279611885.22
249420279187892.55
249420279268929.92
250189385537747.64
250503993235944.09
250503993828060.94
251687419283775.26
252146182211660.05
252146182513059.62
252146182119671.62
252146182123040.07
253356546314698.59
253356546537765.81
253356546599673.94
253356546394121.26
253356546123905.08
253356546103049.32
253545920136426.00
255125620115584.78
255125620647567.22
257911652362181.29
258550326107001.51
258550326572088.23
258550326149014.35
258550326131798.17
259683861101907.81
259683861409242.80
260220807211409.80
260220807156041.69
260220807509185.84
263492694592315.03
263492694131791.51
266312721161860.88
266711588419277.26
266711588261642.26
268908366510607.64
268908366508855.90
268908366100783.34
269437650166904.69
269555399106915.37
272709278135910.03
272709278226861.25
273445992172588.74
273445992620176.57
273445992624038.24
274765790631214.96
274765790135258.61
275411499114272.75
275411499488245.84
276903838283031.63
280225069126115.61
280225069202980.99
280562852661934.40
280562852441192.28
280797933424587.55
280797933150031.00
280903690513900.70
280903690350589.07
281436615504825.10
281436615481492.67
281436615183937.46
281436615247518.58
281506639394589.32
282441191278592.29
282879114419346.56
282879114394978.94
284151821374625.28
285241161214323.25
285241161227626.47
286357906295588.33
286547825509682.53
286547825376581.92
287194096474024.87
287324315422840.01
289120238357379.45
289120238293624.81
289120238569752.30
289860384457119.46
289860384205228.50
291250183150766.83
294948581361133.02
294948581413801.82
297330673177864.39
299490674251752.14
299692662352418.61
299692662149036.10
300069649346329.51
300372299846089.36
300585303560122.55
300585303103842.71
300585303113835.56
302257891353787.59
302873488661580.81
302873488246092.88
303129987147622.03
303129987122151.01
303129987192607.71
304435923510144.22
304435923227566.94
305260427155343.44
305658630514181.99
305658630442132.62
305747566299900.58
307552687166830.68
307552687161332.30
307552687428434.15
307552687155538.52
307552687568789.25
308056990162402.10
308056990319559.62
308056990149513.29
308106984543764.88
308106984114262.03
308106984370967.64
309594392688447.30
310445634712634.45
310445634244711.25
310454191357916.66
310719616270948.78
310719616713480.37
311939514351898.93
311939514597189.90
311939514110976.26
314940761254371.21
314940761186990.69
315846409431673.16
317453153288213.07
317453153302890.89
317453153189255.90
317453153161300.66
318614657111925.12
318614657272819.71
318614657352356.01
319539594829483.20
319656394101378.07
322087967248758.74
323848130413425.91
323848130208004.34
325918281774560.24
325918281609772.04
326213588103687.00
326213588206461.40
327010449190640.04
328354088313932.62
329371056356828.35
334193213758208.55
334193213454791.82
334960441187139.97
334960441155021.34
335537630190384.07
335715381306599.70
336801473137990.76
336960695267912.44
338290715497137.47
338290715388597.35
340842280199964.79
340842280323251.63
340842280142604.53
341952800564840.60
341952800187511.59
342074651233426.09
342896477706502.37
342896477527136.13
345774001431441.91
345774001117707.38
346987419313881.90
347564606587227.23
347564606375629.27
347982043163751.55
347982043260515.60
347982043563508.79
347982043158289.96
348746404465225.95
348746404303582.11
348746404390945.71
349996174215700.20
349996174104467.75
350620769611082.33
351530440166546.26
356401591332658.47
356401591160882.30
359988945409501.41
360321320330633.94
360321320141479.49
360321320213383.99
360648093201117.24
360648093103922.08
360648093171752.32
360760357149275.15
360760357789286.79
361194255115773.93
363393550385065.13
363393550474594.48
363393550504738.52
363393550167219.54
363593682132620.83
366650656455612.92
366650656894511.41
366650656316931.98
366746235144367.60
366746235263566.54
367999686348684.61
373137581262289.63
373471525232949.37
373740433284248.87
375468241115220.86
375641375324708.74
375641375139978.35
375641375445184.01
375641375458328.39
375890823259426.20
376923868108484.18
376923868134127.85
376923868145717.13
376923868208692.70
378162833125363.89
378772748265624.59
381816324114391.15
381816324162330.28
381816324130004.39
383088531462535.96
383373004686190.12
383648179171738.85
383648179432824.00
383648179421054.74
383648179172369.99
384080914415439.20
387186313124946.02
387186313159279.77
387186313128094.71
387500606303397.26
387500606452270.64
387500606289027.64
387500606104710.02
388235755606614.45
388235755542137.09
390772134263011.49
391123961331515.95
391123961426189.23
394188633494282.89
397308858149236.10
397308858388775.71
398336007195649.35
398336007197707.08
402010932109728.19
402010932238386.30
402010932419434.70
402889444272958.55
402889444110146.69
404175752119821.84
404175752240520.54
404175752178853.05
404967312171550.20
404967312806392.90
406053005646591.08
408354382161428.80
408354382318676.59
408354382214556.91
408575433119339.27
408575433253875.36
413082880103004.39
413082880342124.71
413890988221724.78
413890988234372.85
415625092511928.78
415945167141204.01
416461717665946.16
416461717163589.49
418304933113071.36
418304933326596.86
418304933810141.80
418304933764571.46
418405168271251.89
418405168435103.23
419600217634959.25
420096621895457.49
420096621481582.09
420096621505187.29
420096621143908.03
420541052200255.72
420541052724246.87
421251419357811.54
422294374226797.60
423485116123893.56
423485116406380.42
423485116129650.50
423485116286778.80
423485116103594.07
424293071120501.48
424293071184409.92
424293071352432.55
424426699148813.91
424426699123282.35
424426699260164.26
424507928166124.45
424687486342828.79
424687486114979.05
425836396393672.64
426198015247565.95
426198015209774.36
426198015198895.81
426198015691772.97
426198015171878.17
426198015421235.95
426827475223204.25
427023543494695.78
427653658661736.86
428026116194573.43
429444957298705.29
429444957247623.67
429444957374025.96
431781818145684.43
431781818117280.61
432482257313936.09
433249952102524.25
433249952661442.95
433249952317582.58
433249952213251.68
434306159497163.45
434306159679068.83
435830994514557.89
435830994324714.21
436541345897578.07
438571031425802.56
438571031682999.74
438571031156475.42
439202619236327.91
439815013166042.88
439815013384521.04
439815013495912.55
444632472311870.00
446667759124806.35
446667759110707.44
446667759163476.92
450033863286926.98
450033863108234.26
451898397100018.08
452907513834700.85
453124762334314.30
453945758846797.46
453945758332447.63
455563512178755.45
455563512352381.77
456482293263088.64
456482293446818.71
456871046450688.64
456871046179145.67
458889106194903.33
458889106149865.00
459758995435335.22
459758995551885.47
460129470142641.74
460384223829895.60
460384223721983.38
461009699295338.56
461009699251449.12
461009699226619.72
462462168358281.53
462462168101827.10
462462168102641.38
465082059631472.81
465082059344549.36
465082059751271.91
466227501155797.61
466227501359940.70
468868295902052.39
469457644911964.16
469457644107141.51
469670122113706.99
469670122198503.16
470045158608037.45
470045158103999.40
470045158323628.16
470045158552003.99
471857970479955.77
472953771546990.88
472953771102385.99
473901580277016.78
473901580445923.37
473901580193968.59
473901580586390.24
473901580583438.60
475728122111220.91
475728122129636.95
476873067291339.47
476873067652763.90
477127591404861.31
477743286558841.84
480704953208687.66
485170462220018.54
485170462255005.21
485692569289774.18
486364990418781.19
486364990420239.10
487578976253595.14
488775063606616.77
488775063240829.79
488775063383652.29
488888112828940.94
488888112126016.54
488888112257984.10
489537808219673.85
491246623160248.55
492413974156423.07
493683428159536.56
493683428457888.44
493683428150168.11
495390908571342.60
495390908298333.20
495390908412433.95
496793622463018.32
496793622890233.56
498112669339995.19
498143404472294.70
498143404116334.40
498548222138933.90
499053599109724.90
499053599182949.67
499467860126755.47
499467860259022.72
499467860157613.76
501158925152450.52
501158925104906.42
502176650126552.90
503012100165014.84
503012100290495.56
505731999292990.17
505967417154308.64
506140362445075.19
507517153543207.14
508251419408923.52
508860646522206.72
509446156447381.71
510037513169188.52
510037513156214.19
510064144109831.56
510064144167149.95
510332426654217.91
510332426245179.71
510332426360287.11
510332426122818.76
514855712463709.38
515516619474162.74
515516619392196.92
516257727162957.94
516421257175596.61
516421257450735.31
516473646473015.72
517678399192332.40
518109934140903.02
520080558259758.03
522078050110900.31
522078050411675.33
522078050199685.20
522078050570161.92
522274769189202.42
522274769103919.03
522284048280263.05
522284048945545.37
523628542251811.19
523628542433467.22
525446383280974.36
525446383213094.58
525446383346441.01
525926278173020.84
527367550247135.56
530289161391106.55
530289161374986.14
532377979235723.97
532472558129833.78
532472558445252.68
533172258296644.44
533201440170923.00
533363124173129.64
533363124176154.44
536388893291224.20
536388893421118.61
536388893460162.68
536388893201504.44
540275431205670.53
544397782253402.38
544528724279972.22
544841969759737.63
546254123399185.29
546932506240918.44
546932506321533.97
546932506194972.62
548129152133592.11
548395241280476.00
548395241510266.97
548481212472734.14
548481212131003.64
548481212120942.57
549243175484473.01
549243175660567.09
549249535371343.25
550392053362698.48
550920165329284.96
550920165647812.51
555401971250109.45
555415591154790.24
555415591115815.36
555415591488598.78
555790640349350.84
555790640376129.87
556537470363642.16
556537470197676.13
556605206527713.82
557278620189636.80
557278620164585.08
559506176860688.44
560162315180654.53
560672299280132.33
564933553565325.72
564933553124134.57
567139088126984.06
567139088808208.36
567139088283005.59
567218651529475.63
567218651343487.79
567546933123266.04
567546933197702.07
567546933525802.88
567784105103138.43
567784105164145.32
567979109311915.33
567979109171151.02
568079403102703.45
568079403144253.99
568121813235365.00
568121813149311.35
568121813139629.86
568121813118222.12
568750929781286.43
568750929569023.37
569486726111788.91
569486726209325.02
570950541278704.18
572804719239434.93
572804719630911.18
572884241199013.01
572884241197644.10
573070853361645.92
573070853559352.46
573251199239040.11
573573263184078.13
574605206952004.70
574605206174235.92
575858400231471.15
575858400100447.35
575858400609981.05
575858400113006.69
576488475383229.75
576637740352590.09
576637740120168.53
576952335705455.90
577980947519049.71
578299020133130.75
578299020202519.52
578299020101368.14
578299020369769.42
578299020429200.55
579716532371535.55
579977556452357.02
580510726394521.42
580510726697185.37
582433833432609.09
582457800155854.32
582457800479325.91
582457800170290.42
582457800245076.57
585064535478122.07
585064535161478.65
585432648181851.99
587327921236726.99
587327921568710.51
587327921329525.18
589037736311928.08
589037736167870.33
590474012955826.74
590474012248246.72
590474012578852.10
591566736101555.85
591566736291521.04
591755775272893.15
592244826180888.89
593634266259866.95
594043398224261.19
594043398288046.38
594043398308222.22
594324319341996.70
596116932129839.68
596116932135250.11
596735948242294.68
596735948310438.06
597173782354790.02
597173782118190.76
597173782349575.31
597280119587578.54
597280119193334.22
597700047105962.43
597961118321863.70
598188631344355.00
598188631564777.00
599149683222783.49
599149683223992.14
599199529423511.70
599601333193630.56
599814919257341.89
599814919208895.72
599814919100797.75
599814919205069.41
601866754481751.88
607424818211598.12
607682491470955.08
607784672319929.24
607784672352377.12
609357423125009.65
609357423190783.76
609956325688499.38
612217407106869.18
613510744113359.55
613510744119050.70
613510744233846.72
614168147254913.44
614497745207271.01
614497745478212.32
614497745133285.27
616044848152720.89
616044848131794.37
616044848106530.51
616044848538806.12
621018422244998.35
621333885141830.36
621435036473167.03
622018493355833.04
623544731387418.09
624782179201725.11
624782179245989.38
626305925109907.68
626305925205577.67
626305925127673.24
626305925242534.85
628095494547609.19
628095494488841.38
628095494617989.81
629853331173920.33
629853331568920.85
629853331358305.16
631229305111195.35
631987283338192.39
631987283634439.71
631987283156672.28
632295008332874.87
632295008177419.63
632295008670714.00
632481654439100.97
632481654195373.93
632481654219382.29
636087692614052.00
637624644403172.65
638323057436251.88
639863652391433.61
639863652144570.94
639863652163293.72
640296389779336.90
647684066118100.02
650275710389675.77
650275710682181.58
650275710482193.50
650275710629681.82
650616593309738.50
655015427566795.94
655015427199937.95
655015427121233.12
655015427673847.90
657572634806582.38
657572634181512.14
657572634570603.82
657717831745589.79
661371803175360.95
664704523102409.76
666163731103380.84
666163731145399.39
666163731156680.34
666713328669510.50
666713328222872.21
667125327257053.46
667125327131806.75
668975990118941.61
669330235120928.81
669330235130210.00
670886330311880.73
670886330132824.13
671538009171490.82
671538009316055.72
672665835110065.51
672665835120831.34
674252723106171.49
674269389685786.93
678331562368189.13
683783421126516.93
683783421807169.48
687051228411112.00
687051228164649.84
687986102626527.84
688934511304892.53
688934511285501.00
688934511343612.08
691505122238671.07
691505122162802.63
692813473140746.47
692813473196737.88
694666401795360.10
694666401387463.86
694666401135997.44
695593032167940.54
695593032540180.85
696737516465355.37
696762410147834.91
696762410192551.57
697268393225871.51
697507876155345.35
700404816140740.50
700769920554693.91
703509375322589.24
703509375190588.63
703509375167636.54
703711397267811.53
705077862249703.20
708860887209766.18
708860887334946.65
708860887204467.00
708860887133603.78
709632903286262.94
709632903195871.43
709753591178080.52
709753591106169.78
711042412421799.15
711042412143840.79
711042412107208.21
712686604851746.14
715079332515226.69
715079332373391.63
715079332137264.73
715155736551765.23
715155736285273.34
715745746285246.86
715745746365988.53
717732308211199.00
720638406502096.89
720638406539307.82
720638406228821.06
720638406516948.61
720735142805474.36
720735142220249.06
720735142219684.06
720978012912661.34
720978012249996.72
720978012148141.59
721700362171317.77
722593429535789.39
722593429273764.17
722593429476157.94
722593429296829.49
723153061116429.47
723153061135759.34
723153061488032.87
724100989457637.62
724554875326174.13
725651968169001.75
726534543195166.64
727338137646022.80
727338137544200.26
727338137856741.24
727460616352939.29
728010978370548.21
728010978498962.58
728010978249594.14
728010978219997.86
728066349541006.40
728419424403630.63
728581698111045.45
728581698346160.54
728581698257033.67
728581698135279.89
731333851142070.67
732987378438421.15
732987378124929.01
733279489210856.45
733279489311615.98
733279489724599.07
733279489185352.27
734534344432977.54
735416192388556.49
735952744107466.83
737774362136759.17
740892337207081.45
741118256104108.39
741418570161591.80
741418570277464.40
741418570242158.51
741418570146507.57
741714598406797.84
742107910246398.66
742107910202479.57
742107910169599.86
742456291193968.46
743582967148427.74
743582967339573.11
743582967389358.77
743582967398887.85
743605154235176.25
743702952145311.68
743793189308107.64
744080844885577.67
744719160133495.51
745820413176950.21
745820413239057.00
746772132128684.94
750482494222228.77
750482494120571.63
751107410137564.00
751107410309215.84
751107410322452.08
753497183247940.25
756409715222139.69
756409715602064.08
756409715247684.51
756409715574724.21
763126179125195.49
763126179222972.50
764284963866413.26
764284963223091.04
764423530154210.31
764766950116961.06
764766950826599.49
765191526334870.17
765191526115819.12
765191526405957.90
765191526545438.21
765191526296329.80
766272564701552.31
766272564217688.74
767560600429478.21
767560600660784.90
767560600182474.39
767560600407184.14
768760990507584.79
772027421605988.16
772027421248692.97
772153147750345.88
772153147435986.06
773516741225006.17
773516741125176.41
773686797188720.66
774369338275997.14
774369338283633.08
775647608211860.79
775647608138740.95
779898477421580.80
780307713224541.00
780564297643161.14
780564297121177.21
781466316216901.86
785197350530338.23
785197350592372.17
785197350398969.43
786411085139481.83
787277561562705.26
787277561555871.18
787277561128586.91
787448057198828.15
787448057309383.25
787760922264551.67
787760922116505.34
787760922119712.82
787760922211112.40
788376313848719.37
788874963247360.81
789835972271448.47
789835972192982.13
790352185101532.91
792126435628827.36
792368394155724.71
792368394459338.85
792368394172973.53
792744363292555.65
792744363714626.96
792744363119195.58
792744363676493.17
792744363168067.26
792744363756842.81
793913439144981.87
794920973836992.94
795878382207630.31
796309849320908.30
796309849245558.64
798927628577000.37
799353999429771.92
799353999131575.00
799353999609338.29
799447416182957.57
799493037258476.46
800263855162045.29
800263855833241.68
800602389523656.57
800719960839539.82
800719960505289.84
800719960103447.21
801071882503436.52
801071882689730.12
801071882922223.39
801071882116011.78
801071882864286.97
802764368865655.64
802764368134504.06
803192777316522.04
803192777648259.54
803192777483769.34
803824523306101.96
803824523118977.13
804301199239988.87
804704037286508.40
804704037381386.66
805107938529664.37
805107938331276.70
805107938195642.39
805107938127932.68
807653867181506.33
807653867425438.92
807653867436227.37
811375238108003.96
811375238172429.26
813920518411385.90
815870915686011.34
816562775789709.32
820522612108406.61
820522612176369.36
820522612213314.33
826458235134502.66
827936539117947.00
827936539152219.74
829088534130432.21
829088534199154.20
829708620299272.10
832048507167894.50
832048507405901.39
832048507262801.01
832048507123767.85
832048507705872.74
833743918156042.93
833743918383945.42
833786644147459.54
833786644590851.46
833786644620018.62
833786644147938.82
834417306137892.91
835653081322292.34
835653081158061.72
835653081197109.30
835653081130215.08
838515118649089.89
838515118334859.83
838515118560525.60
840052418280842.53
840052418499879.14
843039617113070.37
843039617159392.41
845007025673073.51
845007025598009.36
845007025457643.31
845007025442382.08
846251855626139.07
846251855172351.99
847566961103672.13
848909968591241.93
848909968337099.72
848909968319294.81
849037548569373.11
852391417193528.10
852391417522416.68
853800531105214.85
854673599265064.62
854673599294343.57
855341876542433.14
855341876217811.80
856453112143071.07
858096665626467.70
858096665894414.90
858096665246185.55
858096665185071.87
858619365202652.71
858619365534671.85
858732508290112.11
858732508126544.67
860583046265051.54
860583046100070.58
860734034645733.22
860734034291270.85
861170886915854.72
861170886190061.60
861673124746142.95
861673124302413.24
861673124556778.27
864408674241502.05
865845907311381.84
865845907100166.21
867061858299852.90
867061858703876.63
871029659143678.35
871712010690145.93
871712010466457.13
872643567219894.44
872643567755265.08
872643567132633.00
873983543275110.41
875501767210333.71
876982608538122.59
876982608445902.78
877735379277804.20
878061989144620.91
878534299584102.20
880075355209076.65
880075355140739.43
882053089338193.27
882053089259833.36
882234971631515.33
882234971138089.11
884259656547519.70
884259656363950.21
884259656212770.95
884259656111086.89
884563373823989.54
884826319202190.64
884826319287345.90
885613601106111.65
890755827100125.94
892000970245675.05
892000970155821.16
892000970531035.91
892452887120469.48
892452887157153.71
892768447667037.60
893441803511559.13
896259087251956.71
896259087100563.26
899424928187379.26
901355839140210.62
903491103498894.07
903491103654477.96
905095305698207.13
905095305535703.24
905095305245368.19
905095305252003.59
905095305454630.39
905129322259214.98
905129322147581.86
905129322103010.17
906471339576228.25
906471339119278.28
907135169246682.88
907135169277533.76
909570481100655.78
911398268549702.65
911398268319067.00
913977793163235.71
913977793104907.03
914557218739016.92
916303780110302.95
916303780231584.06
918892608218054.74
918892608129019.89
918892608365885.20
919465042148780.48
923474867173000.14
923698643725520.81
924705809525231.24
924705809121752.75
924747060813245.45
929784486437458.20
929784486105301.56
930363959365850.73
933385473344586.17
934000522151264.69
935560774248617.37
935738051214846.68
938084343384637.71
938084343223834.28
938084343389890.18
938193381161255.15
938193381128766.74
938193381776981.23
938193381121348.11
938586701104653.35
939409678664662.88
939409678445496.15
941366519638688.86
941366519532902.21
941366519393114.18
945122047234239.80
945122047331164.48
945122047434887.30
947336821354839.10
947687206132342.79
947687206103204.72
947687206494768.94
948481987544663.60
949634743452611.75
949957077437434.82
951461889463207.03
951461889828240.56
951461889264297.44
952093581573649.00
952391123160006.81
952391123712886.39
952827865744349.90
953276484602132.16
953276484118780.78
953276484123101.24
953276484743021.13
953276484621585.15
954384924474935.43
954384924110301.77
954384924323532.86
955667028184662.68
955829535240264.45
955829535104031.24
955829535371394.61
957725074271637.97
957987877413379.43
957987877567316.22
957987877274666.60
958140136350212.06
958776195265111.59
958776195162935.42
961832280176306.22
962693075285500.00
964957760477851.09
966461342452123.16
967522635709773.37
967522635128846.20
968882645107851.48
969405609699572.26
971155310580477.81
971155310155936.60
971155310170686.29
978008602819513.84
978008602331661.04
978017109156621.53
980803054262620.32
980803054450371.58
980803054419021.06
981162480379531.74
981162480166286.16
981162480240322.64
981166685127395.09
981166685103471.93
982766375226767.85
982994214106318.66
982994214114159.21
984950748316876.46
984950748318034.35
984950748141385.10
984950748673753.00
986310355135229.12
986611199500573.59
986919540191812.72
986919540676284.44
988676105461568.50
988676105170557.18
990095516190035.31
990095516196397.77
990095516247127.49
991842459107834.64
992366063508406.82
992366063141634.52
992775582253443.85
992958791250196.23
993893498120655.16
993893498321655.50
995876448325359.72
995876448331918.70
996402539941768.55
997660003288163.97
997660003177959.71
997660003122968.50
997660003668821.59
997660003391339.96
998254744662193.33
998943288214921.30
998943288227259.96
998943288166815.71
998943288172027.79
998943288185017.66
998943288110711.05
