100075100729890.86
100803031317321.19
100803031497826.82
101156577125117.55
101156577472466.05
101156577113691.83
101596937159389.48
101596937329835.45
101596937202657.47
102260703105637.56
102260703189311.56
102417505354194.55
102981320624925.89
102981320373435.64
102981320123362.77
102981320158734.13
103880243258605.34
106055610249871.94
107019140374058.40
107019140305934.13
107304349803340.86
107304349408752.83
107304349563675.32
107304349960608.88
107304349148295.26
107304349106134.03
108262806127694.71
108890991124573.08
108890991744014.74
108890991669840.59
109663353541770.69
110017382213968.77
110214774461218.90
110765917185189.08
110765917215282.28
110765917868612.09
111374881436557.12
111681384331167.62
112571729137657.41
112571729601165.59
112836089141881.20
112836089188759.97
113306414108342.53
113306414608409.33
113959481214177.41
117228782370833.50
117438597464731.33
117438597587467.67
117438597716539.40
117438597707917.87
118365161382095.16
118365161161396.52
119016727110472.94
119016727138085.10
119026684692136.50
119498741221896.52
119498741559207.02
119498741158640.00
119611116591843.08
121001410272615.92
121001410567313.91
121946888171239.13
122627851140238.95
122627851263292.31
124915162102812.26
127662812376265.20
128053188157666.16
128053188109875.55
128053188146862.88
129254821262853.49
132447352143761.34
132447352430444.58
132524384209527.28
132524384522425.54
133904151516154.32
134053382352619.31
134053382249343.51
134053382188407.40
134195087396810.58
134195087284949.22
135196155123786.98
135196155276550.41
137281364337685.07
138693034464837.48
139315404376748.43
139315404849659.36
139450583117820.67
140787251309410.42
140787251401067.58
143213151462704.07
143213151163100.82
143900095238554.31
143900095113318.21
144086960136025.34
144086960749166.88
144086960114442.63
144086960151742.22
145294573186016.08
145294573663727.87
145294573392078.44
147626232278881.28
147949197431015.20
147949197240874.26
149086189251155.26
149086189347507.98
149086189256443.80
149086189264203.28
149086189552156.32
149720314268468.94
150391254107295.59
150391254302956.91
151926654208338.22
152798968107238.25
153925503400965.43
153925503487920.42
153925503153014.07
154586988415460.37
155296524466989.91
156184156298540.69
157898134354426.48
157898134765837.54
159880267467522.62
159880267439143.56
160594018163168.74
161100836571583.95
161100836108300.94
161415507846377.32
161415507243094.47
161415507389431.31
162541070108579.73
162541070522439.62
163061073710526.25
163061073847006.24
163061073194767.09
163232964250366.52
163232964181543.94
163232964277024.98
164904976105409.25
165258260344496.58
167002917387202.47
167002917655649.09
167640157321584.49
167640157749498.14
168112199513741.38
169154377362814.40
169154377213073.59
169154377674969.74
169338279489935.83
169338279286328.56
169338279711564.23
169338279459708.01
171346863148424.86
171346863394668.35
171346863352653.76
171534295415258.94
173696140204078.86
173696140150478.39
174671762247568.16
174671762159260.14
174671762246460.27
174883568157775.14
174883568173410.32
174883568694408.31
175584179347596.93
177510149266508.33
178758666321677.22
178758666199564.83
179762367530245.34
182774156130083.31
182774156204428.44
182774156365919.17
182774156123106.09
183691383632046.72
183691383223355.17
183908839126268.54
183908839205734.40
184410327186103.38
184410327132213.63
184883882538612.66
184883882137025.83
185152448399260.95
185152448138124.16
185152448395739.32
185152448402197.63
186382757950696.05
188334686149002.19
188334686197983.41
188334686162645.50
188334686192573.99
189515767671454.73
189515767132658.73
189515767293165.67
193262678203593.03
193262678358609.53
193262678124714.09
193262678876652.95
193711006406542.21
194810104170218.04
197855977136865.62
197855977373762.15
198855106159469.33
199152613260397.26
199152613374296.30
199152613716908.00
200146461319372.39
200146461222137.62
200146461836310.69
200269226308983.85
200675412753760.15
200675412126273.41
202257991437461.13
204235604219141.33
205373035411993.80
206331108468623.11
208252813521659.73
209331946256269.01
209331946165819.46
211473251532009.24
212331880410336.27
212331880416393.33
213071140533872.58
213396943144944.89
213396943499366.54
213396943279176.71
213602432134863.76
213602432490246.94
213602432137803.57
213974503389630.69
214875375429521.38
214875375565021.37
214875375301814.31
215647935421185.24
216594016637930.42
216594016241874.95
216594016114135.61
220072911295347.87
220072911178361.13
220072911389030.64
220072911231275.46
220072911114693.15
223218265487361.93
223218265873724.05
225086135203222.16
225086135135884.84
225300737277467.16
225300737373287.24
226296901281795.69
226296901385168.68
226296901163578.32
227024004330567.25
227024004270155.77
229613819149830.19
231214121117544.80
231214121157849.89
231214121111180.42
231214121730590.65
231403051390631.99
232534761417209.92
233179776188150.86
233179776105282.85
233179776185632.82
233967114346344.90
234155102183159.70
234380094196902.14
234380094109140.36
234742004297195.97
234742004121998.96
236456055254724.73
236456055610674.85
236930781125429.81
238163265626482.53
240606459389264.06
240606459294888.98
241633719164938.51
241633719258025.79
241633719658701.12
242190041156264.34
242190041268007.17
242612545290616.08
242612545506026.75
242612545923499.81
244846436111059.94
244846436456965.31
244846436229765.68
246387732127594.95
246395504270201.97
246578626442266.06
246578626201330.85
246578626650853.04
246921183717179.96
247591311109882.29
247591311290705.56
247591311244428.80
247889291273765.18
248938351385953.76
248938351469319.25
248938351217806.53
249111475339671.71
249111475246582.50
249420279338916.86
249420279175897.64
250189385672002.10
250503993170686.81
251687419293166.84
251687419245112.81
251687419444074.64
252146182587379.61
252146182308186.69
252146182166662.69
252146182128715.95
253356546164614.54
253356546100494.68
253356546180103.26
255125620103364.70
255906899641693.39
256617553584120.18
256617553397307.76
258550326151052.23
260220807133509.40
260220807152481.29
263492694567123.58
266312721275546.30
266312721715939.81
266312721105417.49
266312721121088.29
266312721101434.26
266711588120115.47
266711588322850.21
266711588206921.35
266711588708733.22
268908366323964.98
268908366243830.96
269555399207407.20
270193205683793.71
270193205324226.65
270329525586134.86
270329525486689.08
270329525122908.00
270329525219400.52
272709278419000.57
272709278527119.19
272709278127879.95
273445992314985.58
273445992152658.48
273918930147593.02
273918930241607.80
274765790149050.45
275115779658812.26
275411499121392.38
275411499373185.82
275411499253897.49
276903838260774.30
276903838270114.41
280225069397098.97
280661619304067.46
280661619653873.32
280797933202672.69
280797933121284.06
280797933282599.12
280903690129590.28
280903690193939.07
280903690277389.64
281436615299481.12
281506639479718.36
282441191297896.20
284151821187969.56
285241161450840.30
286357906128306.37
287324315312361.24
289860384305892.59
291250183374343.95
291250183275835.86
291250183194395.41
294948581481336.96
297330673352021.43
297330673173517.42
299490674781880.13
299490674123215.23
299692662714768.50
300069649157498.63
300069649752947.65
300372299342047.73
300372299216591.41
302257891468796.85
302257891438733.39
302873488279755.27
302873488123707.13
302873488478948.85
304435923754196.26
305260427175024.93
305260427158331.43
305260427238200.94
305747566244450.77
305747566207389.32
305747566219834.59
307552687385974.14
308056990195375.67
308056990600951.45
308056990183209.12
309594392218299.38
309594392313896.60
310209435102829.74
310209435343141.06
310209435206843.29
310445634207255.49
310445634275697.18
310454191125227.04
310454191209365.56
310719616856722.66
311939514159423.31
314940761134303.31
315846409106286.49
315846409201926.71
315846409161835.09
318614657303243.74
318614657458890.07
318614657240564.49
318868292211454.77
319539594371444.13
319539594117729.63
319656394287239.64
322087967151974.30
323670838505897.56
323848130103056.04
323848130106050.39
326213588121439.70
326213588318639.08
327010449505703.43
328354088486342.29
329371056380552.32
329371056271425.96
329371056407823.30
334193213441241.43
334193213266613.93
334193213282650.75
335537630864311.94
335715381140780.47
335715381136065.10
335715381356892.70
336801473193236.17
336960695183739.34
336960695480195.04
336960695753793.76
341952800428629.59
341952800371379.75
342074651235602.84
342896477125465.27
342896477306595.57
342896477410903.64
344397779334257.50
344397779188215.76
347564606180823.79
348746404172850.61
348746404460390.13
348746404174894.42
349996174142121.95
349996174701489.00
350620769251236.27
351530440228605.04
351530440237653.30
356203328311394.86
356708742192339.98
356708742334536.54
356708742350349.87
356708742173868.62
359988945181962.76
359988945521017.09
359988945107953.03
359988945106145.12
360321320503335.99
360321320426536.92
360760357122332.21
360760357194386.33
361194255110468.14
363593682227894.38
363593682932771.72
364950395111483.00
364950395225135.45
366746235246929.06
366746235341837.06
373137581113020.30
373137581343830.48
373740433273881.21
373740433657891.31
373777889484627.38
373777889761807.25
374363533585667.63
375641375102313.04
375649427209221.21
375649427722885.80
375890823312722.75
375890823103779.09
376923868146921.20
376923868237802.20
376923868113928.58
378330817903271.64
378330817103325.03
378330817612978.39
378497248262827.83
381543660100168.85
381543660311355.24
381816324202341.27
381816324427164.38
383373004111502.97
387186313122072.03
387186313463087.74
387186313125723.07
388235755140235.36
390772134715861.35
391123961144218.63
391123961185273.36
391123961277994.57
391123961234255.84
391123961605533.56
394019296344293.41
394019296163911.26
394019296297837.31
394188633156458.77
396984280405243.45
396984280230368.59
397308858706899.33
399791202155429.89
401214573665813.99
402010932112346.10
404175752726126.62
404175752160807.21
404967312120860.30
406053005147540.71
408354382105530.40
408354382190968.35
408354382477813.14
415625092395560.63
415945167366864.47
415945167108247.58
416461717108125.45
416461717305306.38
418405168606143.51
418405168224626.88
418405168215570.14
418405168254971.79
419600217108467.89
419600217137225.22
419600217219687.90
419600217263337.82
420096621101116.66
420096621188798.76
420541052170516.20
420541052644368.31
421251419112557.19
422294374145778.89
423485116558548.55
424293071337543.71
424293071268378.83
424293071126115.22
424426699396062.26
424426699174104.62
424426699644141.24
424687486124215.93
424687486157371.23
425263826101590.67
425836396191288.66
426198015280437.61
426198015124241.40
426198015393989.91
426827475285427.12
426827475251971.10
426827475129391.71
427653658516608.93
427992830309413.57
427992830107579.61
428026116540935.41
428026116367200.02
429444957309656.15
429444957467440.21
429444957183351.26
430429762630428.11
430429762158802.92
430429762421433.81
431781818122837.29
433249952215945.12
434306159455051.36
436541345620087.09
439202619226412.69
444632472552732.97
444632472132739.80
444632472164041.07
444632472180681.46
446101021169673.00
446101021152960.31
446101021466058.60
446572198205120.11
446572198358934.57
446667759157103.23
446667759564470.29
446667759129025.45
446667759193738.91
450033863247207.76
450033863224740.15
450033863145162.99
452907513190227.71
453124762283338.95
453124762326097.50
454505347127740.09
454505347643957.91
454505347410067.21
455563512312911.53
455563512191980.15
455563512439421.91
455730993139963.81
455730993144200.12
456871046814720.00
456871046118564.37
458314948567479.43
458314948760484.12
458314948350100.04
460129470487247.84
462462168309600.92
462462168252918.14
462462168177137.45
462764033276059.05
462764033590453.69
465082059373572.71
465082059545082.82
465082059185567.87
466227501102757.07
466227501106333.41
467196963242361.53
467196963575820.56
467196963110125.74
468868295133414.66
468868295144542.43
469457644383126.15
471857970292622.22
471857970797730.35
472446118357121.18
472953771180567.82
473901580130390.44
473901580370123.69
473901580601439.98
473901580252826.12
476077303252202.93
476077303219332.77
476077303691253.13
476873067274933.89
477127591132805.28
477127591168624.94
477127591309681.03
477605614477532.03
485170462661221.65
485692569312616.11
486364990613293.76
486364990180135.63
487578976113129.04
488775063195078.42
488775063458604.83
488775063217872.90
488888112609125.83
488888112100075.99
488888112154870.48
489537808142645.06
491246623712295.03
491246623110144.29
491246623131364.90
492413974137960.66
492413974331203.65
493683428117200.17
494404564261819.19
495390908574321.11
496793622328383.21
496793622101590.34
496808525152678.17
496808525511075.32
496863696188815.10
496863696839551.62
496863696583452.36
496863696150278.44
498112669201376.77
498548222271596.35
498548222116603.88
499053599293494.99
499053599103331.44
499053599277787.38
499467860251237.80
499467860227990.76
501158925508038.43
502176650194471.17
502176650207913.65
502176650910243.73
502176650144591.28
502176650493023.20
503122533452534.17
503122533170908.19
503122533234462.04
503832403142033.37
503832403211175.00
504584172482739.79
505731999138846.94
505967417490689.87
505967417174868.46
505967417128339.32
505967417233066.41
506460140385515.87
506460140234926.80
506460140472751.77
507517153430662.81
507517153101670.47
508251419138975.90
508251419391561.43
508739487220701.40
508739487774190.27
508860646111861.28
508860646227493.48
508925718556117.48
509446156198437.48
509446156192079.21
510037513564534.70
510332426382710.45
510332426337741.00
510332426508353.62
511077882174331.06
511077882295194.58
511077882130841.57
516257727157695.01
516257727239369.97
516421257355850.92
516473646408466.17
516473646569849.95
516473646400749.28
516628786157330.99
516628786203659.24
519289907101771.22
519289907131719.47
519289907721921.51
522078050248982.41
522078050502426.38
522078050108776.03
522274769243037.52
522274769455468.35
522284048147575.91
522284048109650.09
523628542165537.46
523628542283244.24
525361683109766.91
525361683219144.72
525446383154863.42
525926278436482.85
525926278709026.16
525926278724583.76
525926278445105.54
526668130103463.86
526668130505128.92
526668130133239.57
527367550163489.34
527367550104128.26
530289161242162.14
532377979165461.56
532472558118306.47
532472558480221.15
533172258166488.71
533201440153295.50
533363124675038.61
535091207119011.90
535091207101586.68
536388893536296.07
536388893255052.33
536388893282803.17
536388893504435.70
540275431469408.70
540275431110290.31
540275431347417.80
541413187318814.13
541413187526150.01
544397782162487.47
544397782521357.56
544528724268789.62
544841969671471.15
546254123135519.65
546254123266181.36
546254123431418.07
546254123294967.86
546932506247099.58
548129152132708.18
548129152302107.34
548481212247314.29
549243175295241.94
549243175103583.96
549249535115025.91
549249535474783.89
550392053611359.06
553656369302015.16
553656369124716.25
554268365251502.92
554268365785935.56
555401971183608.73
555415591276850.34
555790640624595.31
556537470293794.80
556537470161874.67
556537470141885.05
556537470682654.95
556605206111168.95
556605206231716.26
560162315703919.71
560162315100369.63
560162315246753.11
560672299105462.17
564933553136728.44
564933553125566.46
564933553496749.83
566125962100889.91
567139088442882.59
567546933197013.88
567546933102374.17
567784105100714.03
568079403525147.55
568079403115209.69
568079403307917.37
568750929510467.39
569486726114175.12
570950541625238.91
570950541120425.85
571264525198920.51
571264525826727.70
572337884529366.97
572337884101013.34
572337884298336.04
572804719240588.25
572884241383002.98
573070853610960.99
573251199166752.62
573251199164428.10
573251199174974.84
573251199244321.56
573251199785367.50
573251199206945.75
573573263131028.08
574605206129250.04
575858400145427.85
575858400260391.51
575858400255369.57
575858400132434.27
576637740229176.90
576637740266639.52
576952335215574.32
578256628172193.65
578256628126110.98
578299020243482.10
578299020212078.16
578299020101667.55
578677978447857.42
578677978287820.10
579716532167375.68
582433833304894.20
582433833154528.57
582433833124324.10
582457800395242.21
583581204137921.79
585064535427650.48
587327921160420.92
587327921195816.51
587327921385757.72
590474012116402.94
591134335546544.70
591134335440257.78
591134335104213.07
591386815255806.58
591566736332901.71
591566736375108.14
591566736105079.93
591566736270142.98
591755775159748.32
591755775322946.30
591755775502204.05
592244826149654.44
592244826444684.58
593634266127705.77
593634266102080.49
593634266254965.34
593634266154724.39
593771725173891.16
593771725683162.62
594043398113421.52
594043398101072.04
594324319608955.94
594324319180228.11
596116932638260.03
596116932282146.93
596116932326683.61
596735948816927.71
596735948153626.66
597173782113927.80
597173782115460.40
597280119137624.99
597961118108519.54
598188631314395.92
599149683104649.64
599149683516410.55
599199529203959.22
599814919281464.20
599814919571972.24
599814919123318.20
601866754109104.08
604314812368257.97
604314812268974.96
604314812172709.71
607424818234317.66
607424818180650.20
607424818640376.43
607784672132768.14
609357423240091.99
609357423121971.70
609956325430722.76
609956325298621.12
609956325896537.88
611824131223615.78
612217407316439.29
612217407103694.60
613510744103552.32
613510744203942.35
613510744446735.82
614168147425660.17
614168147117763.07
614497745645364.05
616044848478838.13
616044848104847.79
616044848957649.96
621018422384992.99
621018422769630.58
621018422266494.60
621333885749782.22
621333885111427.35
621967544183279.28
621967544279726.50
622018493163605.38
623544731112282.63
623544731223232.68
626305925294612.01
626305925130282.62
626305925112146.66
631987283655472.46
632295008367392.13
632295008152322.30
635752965119471.86
635752965205163.99
636087692105176.76
636087692388964.47
636087692444654.50
637624644108590.10
637624644451737.64
637624644140755.85
639106352127021.18
639106352598756.13
644375478309876.17
645171319131667.73
650616593102388.95
655015427119326.53
655015427484028.07
655015427486159.28
655015427154241.76
657717831313307.74
661371803248587.59
661371803477926.43
661371803100825.50
663099628887764.78
664704523401487.05
667125327897405.05
667125327113887.08
667125327107084.26
667125327155098.80
668975990336627.93
671538009735073.25
671538009106407.22
671538009100267.48
671538009144910.80
671538009606396.04
672665835105163.01
672665835275146.40
674252723516480.24
674252723368321.61
674252723134233.39
674252723532062.10
674269389305694.45
677308025177341.99
678331562153378.24
680853772314920.33
680853772556820.84
683783421329050.43
684051160861036.58
687844703221576.83
687986102162258.41
688934511107771.19
688934511102144.88
689530017113264.18
690445256539435.87
690445256153293.77
692813473731431.55
692813473260708.76
694666401178343.07
695593032120542.20
695721158404899.48
695721158209823.03
695721158209026.99
696762410520057.72
697268393303780.12
697268393493903.95
697268393174446.55
697507876149750.16
697507876554949.40
697507876189245.23
700404816125708.55
700404816107078.15
700769920183988.48
700769920449183.32
700769920194724.95
703711397177065.13
703711397272799.32
703711397382313.07
703711397180750.71
705077862145523.74
705077862147826.36
705077862276890.88
705077862824810.54
705077862246186.18
709632903367027.18
709753591101391.19
709753591369405.15
709753591577144.50
711042412212551.59
711042412517143.90
712104267233320.31
712104267144900.96
712104267523507.48
712686604113309.66
714573514153329.47
714573514277918.63
715079332586797.37
715154514206996.43
715154514492519.01
715154514121276.30
715155736234584.46
715745746115687.91
715745746101773.65
717732308125916.34
719921851212531.44
720638406352086.35
720638406699476.55
720638406226543.98
720978012194709.67
720978012220757.08
721700362424812.13
721700362248246.58
722593429157564.55
722593429475380.81
723153061395289.77
724100989207814.26
724100989555195.92
724554875356247.47
724554875151206.24
726534543174774.12
726536216318621.03
727338137349281.09
727460616124634.59
727460616416505.40
727460616498295.75
728010978665930.92
728066349450417.04
728290540119353.18
731333851424649.64
731333851162462.95
732987378563128.91
733212816149602.31
733279489137520.48
735416192213883.28
735815836436773.11
735815836249000.67
735952744260165.66
736105066127292.17
736105066355331.52
736105066520917.22
736105066448148.15
737774362528380.71
737774362282259.55
737774362177556.80
740892337510054.50
740892337278204.33
740892337210587.60
740892337341717.82
741118256569039.10
741418570366544.37
741714598289473.89
742107910138541.20
742456291108196.00
743582967324759.37
743582967539690.63
743582967172790.34
743582967134673.79
743605154884294.21
743793189138908.00
743793189267424.53
743793189328807.04
743793189456819.15
744080844114335.05
744111618128518.19
744111618179028.10
744719160397239.51
744886514228872.05
745820413224816.43
746772132250007.74
746772132397408.46
749024226446179.14
749024226179586.00
750482494218384.15
750482494236070.71
752909584482134.74
752909584124684.66
753497183364445.91
753497183149298.86
753497183550229.75
753497183117993.23
755416563282570.88
763126179590382.50
764423530159057.88
764423530488582.90
764423530138740.91
764766950138168.29
764766950416375.35
764766950747239.65
765191526287501.93
765191526430508.85
765191526257367.97
766272564114285.36
766272564260862.82
767090797531980.32
767090797483162.37
767090797125817.94
767090797289578.23
767090797186065.59
767559506249250.46
767560600150025.09
767560600235597.49
767560600173576.23
772153147169022.96
772153147551804.31
772153147662135.45
773516741672092.46
773686797176414.71
773686797551607.15
774369338355118.27
774369338146070.47
774369338147071.71
774369338273674.41
775647608111592.01
775647608148260.94
775854690403098.57
775854690211483.89
775854690134671.69
775854690165588.29
775854690574054.74
775854690111108.18
775854690244431.49
776612198136624.72
776612198123999.11
779898477540376.41
779898477226503.93
780307713172256.53
780307713435896.70
780307713410555.87
780564297539238.75
781466316250194.05
781466316509946.48
781466316179380.52
783558945320249.70
787277561375774.08
787448057228408.49
787448057184172.40
787448057130262.54
787760922193626.80
787760922887969.37
787760922222030.96
788376313368621.80
788874963236404.34
788874963172141.05
788874963236548.00
790352185104288.58
790352185110368.12
792126435348090.79
792126435469567.16
792368394260851.20
792368394181732.44
792368394153901.62
792744363644619.41
792744363139216.95
792744363176775.16
792744363119403.76
794920973289910.55
794920973165931.51
795096195180473.70
795453330305004.81
795453330335986.33
795453330178207.41
795453330175869.13
795878382126419.77
796309849125801.76
798927628652123.67
798927628153473.58
798927628288287.91
799353999253551.16
799353999190246.85
799353999214110.09
799353999479086.63
799447416482074.46
799447416113752.92
799447416748812.78
800263855357395.27
800263855341599.12
800602389112166.76
800719960102622.01
801071882240835.82
802764368381069.13
802764368218542.21
803192777336375.64
803192777652380.71
803192777117655.48
803824523192084.82
803824523288960.24
804301199220896.97
804301199173960.35
804704037112499.61
804704037119414.06
805107938173516.95
807200119279374.72
807653867311605.13
811375238216061.26
811375238827577.90
812469877320472.89
812469877405393.73
813061542263753.27
813061542449474.58
813920518406869.56
813920518117549.43
816562775340450.45
816562775459200.37
820522612174639.50
820522612392697.11
826458235128250.55
826458235566928.09
827692583164143.70
827924954114864.34
827936539137230.76
829088534307672.99
829088534721388.77
829088534333795.89
829088534104625.92
829708620235660.40
829708620193997.94
829708620152570.62
832048507516071.89
832048507677188.53
833743918756970.50
833786644362867.32
833786644161003.59
834417306298808.92
834417306290623.04
835653081906832.47
835653081314507.28
835653081197898.25
837956843342470.48
838515118424246.56
840052418113751.38
842240339355001.80
843039617328066.40
844946410294533.71
844946410219533.43
845007025109595.43
845007025195564.94
845007025194440.86
845007025623391.08
845007025747057.57
846251855220359.14
848425763478858.00
848425763249929.44
848909968171455.46
849037548282081.29
849037548191972.99
852391417967372.12
853800531192366.76
853800531331663.57
853800531416489.00
854673599718074.88
855602001173869.53
855602001506668.58
855602001120923.00
856453112330908.51
858096665110415.65
858619365611461.13
858732508207326.41
860734034203750.36
860734034509226.00
861170886154893.68
861673124101332.56
861673124378132.26
864088029752100.39
864088029837250.16
864408674101812.75
864780379333158.42
865921924297897.16
866362412187844.24
866362412512107.20
867061858343316.59
867061858152436.42
867061858106606.87
871029659109037.81
872643567387463.63
872643567337325.35
872643567174978.54
872643567104304.71
873983543410512.98
873983543188523.26
873983543684327.16
874448514124407.51
875501767630620.30
875501767571703.59
875501767508640.78
875501767431700.35
877735379114651.34
877735379284365.95
877735379496750.17
877735379754209.00
877735379553242.59
880075355139813.82
880075355146308.90
882053089615178.72
882234971341338.15
883906066296411.54
884563373107140.18
884826319380489.09
884826319115960.50
885514539137706.00
885613601360377.80
890228256172131.68
890228256276589.86
890755827180324.60
891172890131657.15
891172890102834.65
892000970589856.07
892452887845716.64
892452887340177.40
892452887379644.18
892768447397745.99
892768447152090.22
892768447122412.81
892768447126460.18
893082188177907.00
893441803453725.96
893441803192924.81
893441803683544.38
895334626167986.14
896259087826568.09
896259087159190.56
896259087675873.34
899424928265119.60
901355839421487.13
901355839307548.67
903491103417206.67
903491103468364.84
905129322376185.69
905207705283622.06
906725953248637.88
906725953106391.12
907135169270387.05
908450089650370.68
908450089145210.75
909570481108226.96
909570481274889.30
910985395797555.66
910985395482976.09
910985395136528.73
911398268659731.72
913977793273269.77
913977793199633.75
914803330127699.63
919002406209848.54
919465042363678.39
919783045108947.98
919783045410833.06
919783045111296.73
920265619340611.94
920265619221109.64
920265619153535.88
923474867465369.44
923474867163382.93
923698643166143.69
929784486320101.50
929784486119234.20
930363959732729.14
930363959106195.00
933385473314423.02
935738051193787.50
935738051213396.38
935738051168898.87
937277590253916.53
937277590446598.59
938084343344528.59
938084343321127.82
938084343115732.80
938084343111972.19
938193381171902.82
938193381161493.37
939409678220818.80
939409678786384.72
941366519379688.46
941706245100564.66
944771490306423.45
948481987481798.61
948481987104171.60
951461889220761.84
951461889125314.49
952391123105862.47
952827865820173.74
952827865366845.81
953276484106043.50
953551961374135.33
953551961512999.77
954384924201341.36
955667028212872.83
955667028114886.31
955667028137883.07
955667028197764.19
955829535251238.51
955829535124262.94
957725074260331.18
957725074100740.49
957725074235966.13
957725074113924.70
958140136357869.26
958776195333672.07
958776195223089.07
958776195131325.64
958776195101118.48
958776195833661.22
961832280145152.55
961832280716386.55
961832280245335.78
961832280318888.40
962693075101046.87
962693075104953.70
964957760368468.95
964957760302583.39
964957760313717.88
964957760365093.42
965364270424956.28
965364270243875.67
965364270330866.52
965364270279013.50
966461342369750.77
967522635646615.32
968882645714909.04
969405609236922.01
971155310588512.19
971155310642226.96
978008602230391.75
978008602312081.39
978017109222645.78
978017109209961.30
978017109281271.40
978017109665230.86
978836641148587.94
979709064102176.49
979709064180867.59
980803054388219.39
980803054204204.19
981162480153477.86
982766375142816.34
982766375509168.79
984950748408263.82
986611199561034.32
986611199238550.53
988676105131392.23
988676105604387.21
990095516100462.23
990095516156286.79
992484817486508.15
992484817527755.00
992484817194992.03
992484817267176.69
992775582283990.56
992958791341578.65
993163024275140.76
993163024326679.89
995876448126316.77
996402539771860.57
996402539712235.27
997660003916766.07
997660003354337.37
997918938362647.00
998254744553731.57
998254744435153.38
998254744186783.09
998254744343928.57
998943288347445.26
