101596937203737.15
102417505607403.50
102417505190091.82
102981320213770.93
102981320715936.04
103880243109878.11
104518388575471.23
104518388203508.31
104518388468274.99
104518388143831.80
106055610221011.68
106055610154155.82
106055610129085.73
107304349522705.57
107304349401003.31
108890991109129.80
108890991590477.82
108890991188678.47
108890991355656.20
108890991159292.97
109663353213736.53
110017382364926.25
110017382386250.93
110214774586639.39
111374881104060.64
112571729644706.64
112836089238943.08
113306414340799.53
113306414506318.45
113306414687790.57
113959481609313.05
117228782409856.14
119026684452222.05
119498741739285.75
121001410334298.02
121001410217165.70
121946888860444.19
121946888280441.28
121946888523227.26
122103994351807.70
122103994353943.49
122103994201609.40
122103994298948.00
122627851162447.87
122627851131777.44
122793853748821.41
124915162590375.63
127662812112837.80
127662812155467.16
127662812108311.03
128053188417419.76
129254821539973.91
129551756410432.32
129551756174641.92
129875133596926.90
129875133330660.81
130187347172721.19
130187347555081.64
130353627163322.50
132447352267420.20
132524384336974.24
132524384159095.37
133904151354693.69
133904151251909.42
134053382374919.72
134053382389896.95
134053382126045.14
134195087330579.73
135196155692984.56
135196155280692.79
137281364165453.55
137281364234347.06
137709375102819.47
137709375146718.76
137709375110747.86
138759230239630.21
138759230505405.01
140787251250412.24
140787251107841.53
142695573894016.07
142695573135960.72
142695573106984.59
143213151140782.19
143213151303795.50
143900095172097.91
144086960459385.98
144086960241295.00
145294573100451.57
145294573751405.41
147626232624519.03
147626232489063.21
147949197340806.38
149086189163356.08
149086189508491.02
149086189237543.70
149086189178521.63
149720314647188.56
150391254186671.68
150391254139442.27
150391254171905.94
150391254162911.76
150391254363505.63
151020112125177.46
151926654118598.34
153925503149522.74
154586988582947.65
154586988166894.75
154586988190244.18
155306319447435.61
155306319258102.80
156101978873012.85
156101978100556.59
156184156266165.06
156184156422833.32
156184156716976.94
156184156164902.18
156184156346198.44
159509387592105.72
159509387660236.84
159880267135785.42
159880267351055.06
159880267133517.75
160006487540262.76
160594018148374.36
160594018244127.44
160594018866250.09
160631595721246.48
161100836602733.27
161415507149466.63
162541070669455.78
162541070175279.65
163061073103612.83
163232964188995.13
163232964106903.75
163232964109986.09
163232964275511.98
164904976343845.09
164904976110326.16
165258260312107.20
165258260128898.38
165258260529413.08
167002917135739.33
167519799174729.46
167640157319164.51
167640157160402.44
168112199416428.58
169154377220605.44
169154377189735.89
171346863406733.86
171346863189599.52
171534295105342.01
171748766183547.84
173696140130407.57
173696140433246.81
173696140235163.66
173696140207132.61
173696140564944.46
173696140769472.00
173696140344557.26
174883568176145.02
176108647451089.81
176108647419293.41
176108647147082.37
178060486123819.03
178060486273855.96
178758666413531.19
182774156234273.67
182774156715609.31
183691383447515.04
183908839155430.10
183908839157490.84
184410327169487.82
184410327242915.43
184883882177213.02
185152448294760.71
185152448111364.88
185152448364684.97
186382757159243.71
188334686145727.10
189515767114681.78
189515767107580.12
189515767158971.50
189515767506750.34
193262678161606.63
193711006327421.50
194810104739135.09
197435531183886.36
197435531377977.17
197855977251228.71
197904816160029.34
197904816130465.95
197904816583886.73
197904816358473.98
198855106447396.71
199152613105886.13
199152613321348.83
199568135167818.32
200146461603254.87
200146461105398.89
200146461345772.25
200146461542326.48
200675412610427.63
200675412593538.25
202257991643383.61
204235604570143.93
208252813577786.09
208252813747312.65
208252813179530.52
208898303425935.78
208898303271564.71
209331946123599.85
211473251428042.83
211473251443823.95
212331880129035.76
213071140171332.74
213602432112983.57
213602432210388.79
213602432200106.82
213974503161594.17
213974503194744.69
213974503145761.01
213974503203189.16
214875375101555.50
215647935165626.30
215647935278874.53
215647935711226.49
216594016116778.01
216594016414246.77
216594016701266.84
220072911161193.77
220072911342592.48
223218265430586.81
225086135504973.31
225300737283069.56
225300737311612.73
225300737700587.55
226296901562300.44
227024004857891.00
227842032293290.54
228054518428303.75
229613819183462.74
231403051136403.67
232534761216238.52
232668625176185.43
232668625109461.07
233967114143712.19
234380094603405.94
234742004525744.75
234742004314186.14
234742004407363.14
236456055234870.97
236456055254113.38
236848862382063.00
236930781116814.82
236930781379958.68
238163265103670.20
240606459295698.75
240606459211125.93
240606459650983.98
241633719409248.49
241633719232165.97
242612545296490.83
242612545316054.53
244846436120087.79
244846436214952.28
244846436669352.47
246387732121769.24
246921183196084.87
246921183219821.57
246921183136163.20
247591311690638.75
247889291565231.52
248284961213092.86
248284961125475.96
248284961337911.56
249111475181524.07
249420279253973.67
249420279142559.09
250189385364890.54
250189385285106.62
251687419459447.09
253356546202318.15
253545920231484.59
255125620362925.09
255125620109024.71
255125620549032.48
255125620185815.57
255125620312101.55
257911652616596.77
257911652361616.38
257911652589097.68
258550326198241.98
258550326517542.18
259683861115507.38
259683861155546.70
259683861339082.12
260220807101500.24
260220807171677.91
263492694576358.77
268908366198924.22
269437650181629.04
269437650440382.53
269437650326624.45
269437650170583.41
269437650111390.01
269555399208638.29
269555399292191.06
269555399167027.04
269555399179934.71
269555399132159.50
270193205203218.56
270329525115087.18
272709278187783.53
273445992245301.95
273445992687710.07
273918930115435.25
273918930100307.92
273918930121106.54
275411499249454.80
276903838409415.40
276903838497798.61
276903838189774.98
278219696182606.31
278219696240488.97
280225069115953.63
280661619314573.12
280661619236747.29
280661619220219.67
280661619272669.87
280903690118655.60
280903690437761.17
281436615102182.89
281506639161030.07
281506639223585.30
281506639101631.30
281506639171508.98
281506639535215.99
282879114393042.20
282879114318348.28
282879114122530.09
284228307134798.12
284228307125989.99
284278668100175.58
284278668301761.87
284278668634996.33
285241161681086.22
285241161272919.36
286357906133538.82
286547825243391.79
286547825317547.64
286547825173753.36
287194096151762.50
287194096709286.82
287324315238136.40
288996231490244.57
288996231234587.09
289120238103094.86
289120238299049.46
289120238287315.60
289860384253742.37
294948581113800.78
294948581192665.45
294948581555157.89
299490674235441.74
299490674109059.10
299490674335346.46
299692662567261.27
300069649558381.34
300372299591458.06
300372299766960.18
300585303124637.52
302257891747465.03
302257891202991.15
302257891350962.23
302257891254350.46
302873488340941.07
302873488308659.66
304435923577405.80
304435923133355.08
304435923164940.01
304435923316502.72
304435923102953.70
304435923165287.25
305260427206303.96
306920818170436.25
308106984220564.68
309594392125229.99
309594392206227.47
309594392119104.29
309594392379778.15
310209435113955.33
310445634430961.61
310454191102720.53
311939514707502.31
314940761265996.91
314940761169495.34
315846409175454.32
317453153386146.30
317453153195307.16
318614657112057.62
318868292230256.31
319539594380397.74
319656394281715.15
319656394254793.56
319656394102285.53
319656394400514.10
323670838114953.06
323848130228840.69
323848130848023.38
323848130106999.83
323848130206815.32
323848130254395.41
326213588105740.46
326213588603568.62
326213588518748.23
327010449227891.86
327010449548692.99
327010449259416.85
328354088236883.21
328354088700297.79
334193213248079.14
334193213252578.96
334960441168423.79
335537630114460.89
335715381635080.10
335715381375482.42
336801473205022.78
336801473127072.68
336801473597475.28
336801473504252.25
336801473406433.44
336801473322654.31
336801473295214.55
336960695105029.20
337491743151051.00
337491743703830.49
337491743284570.51
340842280139071.97
340842280880432.52
341952800549648.85
341952800359321.35
342074651293728.74
342074651114724.85
344397779319740.28
345774001371429.79
345774001337716.88
346987419220882.67
346987419122322.95
346987419143162.73
347564606495720.76
347564606126438.27
347564606590684.87
348746404341479.42
349996174221971.36
350620769163276.48
351530440162369.21
356203328179613.82
356401591159002.86
356401591629838.63
356708742122044.19
356708742292755.94
359988945221804.86
359988945628724.37
360321320178388.86
360648093143231.01
360760357620174.52
361194255772556.33
361194255213478.55
363393550111964.77
363393550653809.34
363593682115866.53
364950395201168.09
364950395364605.59
366650656206524.84
366746235260664.04
366746235540020.04
367999686262182.62
367999686107104.40
367999686137417.23
373137581115658.83
373137581203611.20
373471525106269.70
373471525138117.69
373471525260809.10
373740433653131.14
373740433107819.23
373777889549145.17
374363533225036.02
374363533376480.69
374363533332783.65
374363533172523.88
374363533101343.18
374363533150877.98
375468241356417.02
375641375131790.10
375641375298774.48
375649427534370.66
375890823309946.62
376923868417674.62
378330817395163.19
378330817908654.08
381816324149967.23
383648179111448.43
384080914389640.83
384080914329872.37
387186313106553.14
387186313691037.41
388875201544943.21
388875201300342.43
388875201340588.97
388875201344359.02
390209274285118.09
390772134936750.77
391123961129731.10
394019296206264.57
396829952190366.58
396829952169023.78
396984280212916.04
397308858454956.08
397308858184319.86
399791202578771.66
399791202284042.63
401214573564781.62
402010932169400.12
402889444139460.29
404175752371003.08
404175752636905.92
404967312108673.91
404967312260555.66
404967312226391.09
408354382263787.47
408354382103642.58
408575433587155.25
408575433153952.42
408575433255742.44
413082880290197.57
413082880106171.37
413890988223731.00
413890988586733.76
415625092574701.39
415945167744734.10
415945167409226.34
415945167172895.13
416461717128687.17
416461717233946.80
417123406684136.11
418304933740968.34
418304933226806.34
418405168125826.73
418405168113926.62
418405168385047.27
418405168105234.52
419600217274934.29
420096621700290.80
420541052101120.95
420541052687503.69
420541052169311.00
421251419130925.19
421251419386120.61
421251419827159.35
422294374160696.71
422294374481309.10
422294374438053.84
422294374208009.85
423485116116841.01
424293071326930.29
424293071148450.95
424293071246706.67
424507928229176.06
424687486464332.84
425263826328818.40
425263826433253.11
425836396431087.93
426827475257001.00
426827475220702.53
427023543146648.02
427023543781281.20
427653658160211.13
427653658362482.80
427992830152264.44
427992830104368.49
429444957739815.06
429444957179758.43
429444957612510.43
430429762114284.74
430429762208314.81
431781818103898.76
431781818320407.81
431781818111030.02
434306159411558.30
434306159909419.72
435830994245446.95
436541345112952.25
438571031337294.41
438571031684254.56
438571031172654.49
438571031407422.20
438571031183510.16
439815013167149.47
439815013264094.89
444632472220487.47
446101021317774.98
446101021109792.28
446572198575603.43
452907513221484.98
452907513107790.23
452907513271581.48
452907513109186.58
452907513181513.14
452907513643338.62
452907513543132.80
453124762345790.97
453945758349290.50
453945758128102.09
454505347429039.23
454505347110253.81
455563512322631.93
455563512461225.04
455563512224978.73
455730993856731.30
455730993109538.98
456482293578180.37
456482293384799.89
456482293178422.30
456871046331559.63
458314948363965.78
458889106333064.51
458889106484262.14
459758995242473.12
459758995152274.68
459758995315826.30
460129470139025.58
460129470173808.11
460129470212346.18
460384223313788.17
460384223111414.20
461009699162147.38
466227501488171.09
466227501167710.30
467196963210779.07
467196963331997.60
467196963234626.53
468868295118115.32
468868295172968.39
468868295104608.12
469457644372832.85
469457644262710.46
469670122433669.26
469670122214277.44
469670122175399.35
470045158137974.34
471857970164230.27
472446118232845.96
472672595187346.38
472672595213979.88
472953771289865.60
472953771125757.87
473901580411137.10
473901580883427.52
473978837401639.29
473978837193069.25
475728122158138.96
476077303136320.61
476077303783431.22
476386452608919.24
476873067360846.96
476873067473924.58
477743286184268.89
485170462269248.43
485692569105865.24
485692569248522.81
488775063137115.27
488888112516996.61
488888112291935.50
488888112655755.90
489537808302479.54
489537808478580.71
489537808338480.82
490775374594551.68
491246623177194.82
491246623221279.30
492413974138757.87
493683428428096.41
494404564552161.52
495390908583346.47
496793622506353.25
496793622608714.19
496793622172285.50
496808525553324.83
496808525519382.82
496808525123540.27
496863696229634.05
498112669238561.29
498112669404160.61
498112669159895.39
498143404124306.11
498143404279846.60
498143404810835.73
498548222125645.69
498548222185615.20
498548222145985.08
499053599177973.08
499053599328292.47
499283581130946.61
501158925232013.88
502176650254524.13
503012100537215.22
503012100317251.49
504584172633807.44
504584172253274.32
504584172233834.78
505731999168716.58
505967417409015.92
506140362309126.74
506460140215812.63
506460140133251.48
507517153233718.02
507517153170136.11
507517153186327.96
507517153456899.78
508860646146932.33
508860646117718.52
508925718225991.63
509446156194276.26
509446156189005.11
509446156260647.21
510037513126811.84
510037513393473.86
510037513360313.25
510064144366941.95
510332426294159.35
510332426192934.01
511077882699060.35
514855712193524.38
516257727214946.12
516473646199383.64
516628786104513.60
516628786139534.15
517678399237547.25
520080558110340.49
520080558589966.49
522274769472838.48
522274769277767.79
522274769424632.26
522284048284718.72
522284048244393.29
522284048172505.94
523628542398172.08
523628542341376.78
525252585367804.55
525252585171146.47
525361683191409.12
525361683113479.98
525446383150874.08
525926278530310.06
526668130104820.27
527367550393399.15
527367550282028.70
530289161288623.97
530289161569019.52
532377979305313.67
532377979185016.67
532472558305406.55
532472558326358.25
533172258706187.84
533172258114590.39
533201440147020.51
533363124361739.22
535091207731427.24
535091207468354.52
536388893515780.02
536388893172738.30
536388893109085.37
541413187146145.15
541413187249494.76
544397782760516.37
544528724305092.97
544528724702246.40
544528724102120.26
544841969499450.97
546254123422247.89
546932506132915.05
546932506107086.02
548129152943574.83
548129152544181.35
548129152249607.01
548481212126856.08
549243175454464.66
549243175364849.42
549249535571478.60
549249535104351.18
549249535244153.26
550392053540852.43
550920165243278.07
553656369374083.07
555415591283973.35
555415591113498.95
555415591178928.25
555415591281875.78
555415591352653.13
556537470321764.66
556605206220562.15
556605206802931.73
556605206742315.27
556605206239739.62
559506176354175.52
560162315706498.51
560162315907668.71
560162315825814.63
560672299597592.40
560672299218706.16
560802817131587.40
562382583121736.88
562382583219532.24
564477851240494.48
564477851292920.99
564477851100116.56
564933553505343.41
566125962164035.25
567139088112865.15
567139088100821.63
567218651652055.20
567218651437523.49
567784105275617.61
567784105328491.68
568079403169582.55
568079403223357.31
568121813264347.40
568750929306702.72
568750929491167.19
569486726122353.37
570950541104416.17
570950541503368.20
570950541643818.76
571264525118977.76
571352753117979.42
571352753161317.45
572337884365688.03
572804719426306.98
572884241464066.18
572884241271581.03
573573263151785.25
573573263405143.11
573573263327273.69
573573263130584.85
573573263312428.75
576637740391109.06
576637740183524.73
576637740114478.71
578299020431780.77
578677978590450.94
578677978285330.98
578677978280747.48
579716532744465.70
579716532268637.12
579977556100339.28
579977556395705.07
580510726175805.39
580510726175503.85
582433833400951.55
582433833152713.88
582433833438307.75
582457800233280.31
583581204236183.27
583581204418310.13
583581204138875.35
585064535309081.73
585064535167743.82
585064535167829.98
587327921168543.33
587327921172109.02
587327921295777.51
589037736331218.25
589037736125618.88
591134335128862.74
591566736311888.39
591755775450716.31
591755775212835.08
592244826331116.15
592244826411237.08
593634266150505.34
593771725192816.67
593771725403440.84
593771725503131.24
593771725936408.10
594043398561412.79
594324319135679.84
594324319271680.67
596116932422031.44
596116932257177.64
596116932316324.10
596735948138716.96
597173782364240.96
597280119310971.57
597700047387531.68
597700047380684.28
599149683350929.87
599149683188481.89
599199529106864.33
599601333155562.99
599814919183726.81
599814919165834.63
601866754215410.47
601866754229880.85
601866754333619.07
604314812527166.20
607682491180574.63
607682491279943.88
607682491433256.18
607784672249127.51
609357423214953.83
609956325274701.52
611824131148789.76
612217407444772.74
612217407118494.88
612217407441155.92
613510744147952.74
614497745357157.15
614497745128015.58
614497745143590.77
616318415643370.42
621018422171526.07
621018422851568.39
621018422120734.99
621967544226439.67
622018493217891.83
623544731140535.36
623544731762272.95
624782179690259.13
626305925402872.30
626305925318011.59
626305925564577.27
628095494512268.14
629853331273565.50
629853331132811.19
629853331113084.08
631229305671975.51
631229305545211.51
631229305898610.00
631229305215547.71
631229305189673.41
631987283173666.95
632295008158562.15
632295008132609.11
632295008246554.32
632481654477561.23
632481654169186.26
632481654363062.26
632481654262135.62
632481654336908.62
635752965353343.96
635752965181288.06
635752965438766.34
636087692205576.51
636087692103550.33
638323057205382.78
638323057104575.95
639106352874083.27
640296389875877.92
643780731113097.14
643780731668563.91
644375478151799.19
644375478586026.64
645141474181626.51
645141474229274.00
647684066585780.95
647684066164325.44
647684066104455.07
650275710269873.47
650825130375222.37
654751100155044.79
654751100214100.47
654751100218946.74
657717831269225.78
657717831389128.87
657717831600454.08
661371803101283.35
661371803291083.00
661371803127651.12
663099628114093.83
664704523226939.96
664704523312975.64
666713328109658.14
667125327106275.60
668975990146762.20
668975990274479.64
669330235143447.00
670886330386804.69
670886330511111.31
670886330112809.17
671538009537881.23
671538009347612.75
674252723269449.95
674269389555259.48
677308025172202.76
678331562141676.76
678331562145795.82
680853772192068.85
680853772273714.66
680853772163980.86
680853772385344.09
683783421102458.01
684051160165907.68
684051160196189.98
687051228125068.04
687051228449154.88
687844703587563.59
687986102335855.69
687986102568031.88
688045796170334.94
689530017308489.15
690445256110377.06
691505122115404.76
691505122759708.02
691505122183985.57
692813473208848.11
694666401334491.42
694666401300584.64
695721158135444.86
696737516779284.81
696762410234853.61
697507876103619.63
697507876356121.12
697507876100838.47
700404816102434.41
700769920221110.90
703509375257469.55
703711397126985.67
705077862179576.44
709632903614012.60
709632903263352.02
711042412200759.45
711042412265516.25
712104267377959.42
712104267139862.76
712686604283867.27
712686604510439.47
714573514123978.23
714573514198246.86
715079332619364.13
715154514339478.47
715154514324132.60
715155736151038.43
717732308479082.14
719921851282939.21
719921851351675.24
719921851193736.62
720735142262724.98
720735142127312.89
720978012634030.60
720978012478176.28
720978012124517.23
721700362208592.17
722593429244154.77
722593429239109.38
722593429286724.54
724100989803743.14
724100989453815.15
724554875287430.90
724554875118455.84
724554875206908.86
725651968151514.59
726534543539025.22
726536216112045.13
726536216307379.47
727338137105013.68
727338137186009.46
727460616221756.76
727460616136797.82
727460616213132.04
728010978519276.12
728010978580590.90
728010978101290.31
728419424578666.16
728581698104411.76
731333851504695.98
731333851222668.00
731333851585100.05
731333851294620.19
731333851343173.25
732987378108166.10
732987378213544.16
732987378147469.46
732987378117011.75
732987378528453.94
733212816133227.55
733212816430474.18
734534344826090.18
734534344289991.22
735815836101194.23
735815836117832.03
735952744125226.56
735952744852736.35
736105066122657.99
736105066123429.56
736105066370363.86
736105066221516.48
737774362347477.24
741118256573341.64
741418570176042.50
741418570128039.42
741714598100327.47
742107910201176.18
742325919290097.44
742325919287511.57
742456291741843.66
743582967138128.32
743582967298708.32
743582967178698.13
743605154200125.30
743702952331671.97
743702952671266.83
743702952434355.96
743793189789641.75
744080844175882.76
744111618344188.43
744719160309153.95
744719160213431.57
744886514158275.90
744886514111106.34
744886514540272.51
745820413216633.77
746772132432374.87
746772132269360.83
747484841207217.88
749024226325687.94
749024226144246.14
749024226171405.97
750482494425774.25
751107410268459.39
751107410441082.55
751107410452282.68
752909584144815.49
753497183217451.32
753497183255343.57
755416563142951.34
763126179170089.82
763126179268941.79
764423530303382.35
764423530424438.50
764423530571307.89
764423530277642.64
764766950201574.14
765191526129334.97
766272564345127.25
767090797128918.98
767090797474389.90
767559506730635.61
767559506130128.10
767560600475076.18
767560600284645.14
768760990144016.71
768760990698819.98
768760990437270.38
768760990730863.52
771243486142663.08
771243486443556.23
771243486472994.55
772027421127653.35
772027421572941.66
772027421100303.03
772027421208571.66
773516741105732.68
773516741184877.07
773686797194708.85
773686797454549.38
773686797315740.71
774369338607150.79
775854690721277.48
775854690340761.97
775854690175218.64
775854690102992.97
775854690441551.21
776612198618334.47
776612198106549.56
776612198545556.37
779898477469921.42
779898477651054.40
779898477121344.22
779898477700142.28
779898477152583.26
779898477497110.48
780307713585753.04
780307713102450.57
780564297100446.21
781466316137386.56
781466316178594.01
781466316232015.80
783558945457524.88
785197350270518.73
785197350111898.19
786411085202754.14
786411085115166.46
786411085269274.88
786411085260647.07
787277561387546.35
787277561113410.17
787448057295767.31
787448057227864.75
788376313193925.51
788376313857160.11
788376313731747.52
788874963100591.70
792126435454482.66
792126435178281.58
792126435107290.33
793913439336382.43
793913439194023.99
794920973325474.33
795096195296122.88
795878382617664.69
796309849941959.79
798927628358686.53
798927628200520.82
798927628377072.80
798927628241243.98
798927628394744.83
798927628136858.30
799353999222295.48
799447416171410.26
799447416127001.84
800263855370667.84
800263855696420.74
800263855277547.77
800263855436844.95
800602389288468.52
800602389461960.10
800602389226849.12
800719960240075.63
801071882243711.30
801071882525138.00
802764368261961.41
802764368107159.85
802764368536543.00
803192777258953.63
803192777134401.36
803824523217859.61
804301199109235.00
804301199216905.41
804704037462179.95
804704037366413.02
807200119348425.24
807200119175739.23
807653867241367.03
812469877777939.79
813061542100099.58
813061542321884.20
813920518172025.33
815870915546576.56
815870915297514.12
820522612162306.56
820522612146792.00
827924954370317.52
827936539180628.00
827936539571250.53
827936539124861.16
829088534520179.52
829088534288485.89
829708620184378.72
832048507198685.11
832048507487380.62
833743918365511.45
833786644326426.11
833786644409699.19
833786644588717.72
834417306235821.05
837956843554475.65
837956843412295.61
837956843186372.92
838515118132967.27
838515118587535.15
840052418669106.12
842240339219901.41
842240339175225.42
843039617574079.91
843039617239859.65
844946410121848.18
844946410459274.25
845007025259479.84
846251855106366.63
846251855274102.52
847566961561554.16
847566961585447.71
848425763591639.57
848909968112060.95
848909968118050.25
848909968204847.72
849037548241538.48
849037548142950.26
849037548142673.75
852391417200397.00
853800531123977.54
855341876202508.85
855341876355920.00
855602001247648.58
856453112198899.37
856453112255983.79
858096665344173.52
858619365369270.18
858619365292789.35
858732508755099.95
860583046462124.26
860583046658609.44
860734034399771.44
860734034246643.90
860734034221728.32
864088029202144.82
864408674400908.83
864408674488239.72
864780379103855.91
865921924537779.69
865921924120806.96
866362412446722.45
867061858274255.71
867061858545280.09
871029659140640.21
871029659122813.44
871029659186412.68
871029659523772.31
871029659156470.66
871712010180579.31
872643567116708.21
872643567524106.41
873983543100767.48
873983543185480.58
874448514408127.96
875501767127350.88
876982608347941.84
876982608146322.35
876982608322860.81
876982608258047.18
877847577188906.72
878534299386457.58
878534299682073.39
878534299233671.70
880075355153906.06
882053089118989.93
882053089132230.71
882234971218173.20
883906066458065.20
884259656445951.53
884259656798192.91
884259656534844.22
884563373263582.15
884826319262741.18
885514539447194.80
885514539173654.35
885514539172454.98
885613601169171.57
885613601559434.49
885613601123090.81
890228256228398.97
890755827282103.38
890755827295171.48
890755827141412.59
892452887116684.23
892768447208987.48
893082188175081.69
893441803154030.26
893441803154560.35
895334626365722.82
895334626521659.61
895334626671392.15
896018940381698.35
896018940417529.04
896259087476785.82
896259087165495.73
899424928121169.02
901355839375992.99
903491103166580.03
905095305262221.93
905129322144422.75
905207705277859.80
905207705109503.36
905207705166115.58
905207705117110.32
906725953439085.72
906725953121220.25
906725953178119.54
907135169635484.44
907135169217108.22
908450089136238.18
909570481395066.56
910985395289058.05
910985395144461.42
911398268219617.67
913977793100141.45
914803330103248.83
914803330575433.92
914803330375946.90
918892608200484.75
919783045157321.00
920265619120186.62
920265619230219.60
920265619473217.60
923698643357875.84
923698643821524.16
923698643336818.28
923698643171791.83
924705809156313.64
924747060402367.36
925380943492418.42
925380943193903.90
929784486124977.89
929784486207369.59
929784486286530.27
930363959228990.34
930363959258633.85
930363959166875.71
933385473115248.84
933389717116590.80
933389717435717.53
935560774111956.12
935560774254913.41
935738051129757.77
935738051201529.89
938193381404827.27
938586701679142.87
938586701141074.67
941706245509950.38
941706245121053.92
944771490100395.02
944771490491534.95
945122047555258.19
945122047725477.93
947687206588381.77
948481987346969.46
948481987432125.01
949634743664456.78
949957077334962.79
949957077353563.83
951461889485165.68
951461889460320.85
951461889141471.58
952093581769216.25
952391123114319.57
952827865823264.55
953551961275592.31
954384924377717.18
954384924157328.08
955667028284957.02
957987877222003.11
958140136193326.06
958776195390194.67
958776195454701.98
958776195573358.12
961832280539441.96
961832280102131.46
961832280710046.74
965364270147273.33
966461342164014.33
966461342848494.54
966461342765300.42
966461342454028.48
968882645220681.43
969405609290012.46
969405609376639.69
978008602448006.55
978017109259422.78
978836641328640.82
978836641164683.71
979709064227392.48
981162480177734.76
981162480583030.10
981162480137870.89
981166685113405.73
981166685303262.22
982766375373675.13
982994214125873.29
982994214110098.87
982994214661951.90
984950748119576.62
984950748487055.00
984950748255828.48
986310355158260.29
986310355214318.25
986611199137971.99
986919540120626.00
986919540393376.87
988676105482242.41
988676105581745.69
988676105279574.42
990095516261709.99
991842459587106.85
991842459626646.09
991842459109210.46
992366063684850.04
992775582596207.97
992958791100411.21
993163024186069.16
993893498134031.36
995876448205380.27
995876448204382.21
996402539293075.96
996402539188170.19
997660003121846.28
997660003195696.78
997918938298615.17
998943288333076.71
998943288158947.67
