100075100177733.14
101156577246524.63
101156577127022.43
101156577155674.84
101596937735362.07
101596937499782.52
102260703164332.51
102260703284772.19
102260703128670.12
102417505704666.37
102417505243681.90
102981320689661.00
102981320119952.97
103880243696854.41
103880243451661.87
103880243119342.43
103880243432973.97
104518388439596.36
106055610698896.57
106055610653873.14
106055610112526.17
106055610186644.72
107019140136696.86
107304349373627.25
107304349142947.18
107304349118868.25
107304349521413.64
108262806267258.64
108890991165683.62
109663353352549.51
109663353141254.34
109663353116969.98
110017382443989.12
110017382330933.42
110214774282141.25
110214774195198.04
112571729122471.68
112571729131378.17
113306414560050.18
113959481422302.67
113959481182851.90
117228782297836.10
117396658185016.79
118365161158331.13
118365161102912.97
119026684745640.76
119611116154838.34
119611116175955.19
119611116388641.12
121001410501963.40
122103994325355.48
122627851226650.94
124915162219871.89
127662812296515.02
127662812524338.70
128053188107480.27
128053188221736.60
128053188569377.59
128053188719597.21
129254821729557.36
129551756141997.05
129875133534646.02
129875133347435.05
129875133341843.58
130187347283514.63
132447352585452.93
132447352204790.93
132447352105908.28
132524384111960.66
132524384421394.61
133904151325013.09
134053382103028.55
134195087131643.13
134195087304245.17
134195087418331.51
134195087465115.74
134195087275500.67
134195087866968.65
135833912411681.65
137281364479098.19
137281364107631.83
137281364325222.55
138693034588911.34
138759230135616.03
139450583109853.50
140787251122543.90
142695573129325.84
143616141360011.85
143616141634968.56
143900095251222.11
143900095241227.40
143900095772022.59
144086960453298.70
144086960901322.31
145294573103245.20
147626232696073.05
147626232262994.63
147626232825658.91
147949197219832.27
147949197269669.29
149086189101910.39
149086189321726.32
149086189151730.25
149720314406945.05
149720314124874.51
150753271200577.19
150753271468749.27
151020112238395.30
151926654122063.00
151926654223428.56
152798968187552.00
154586988210419.09
155306319353960.58
156184156192460.60
156184156144863.87
156184156427376.12
156184156509314.76
156184156132297.01
156184156324911.81
159509387119484.39
159880267328755.11
159880267713403.20
159880267242423.00
159880267501565.55
159880267674416.34
160006487978802.16
160006487364966.03
160006487167698.75
161415507885245.20
161415507124815.06
161415507542679.78
161415507156612.41
162015601759001.01
162541070289535.69
162541070102057.02
162541070101583.59
163061073227570.19
163061073209003.38
163061073881779.47
163232964118807.74
163232964210517.64
164904976801239.92
164904976286278.10
164904976238289.40
164904976174025.80
165258260256857.13
165258260338844.78
167002917165625.75
167519799126371.87
167519799280725.29
167519799320412.27
167519799122136.59
168112199116883.01
169154377105888.24
169338279668028.25
169338279461895.02
171346863296739.38
173696140542255.62
173696140374095.79
173696140382506.55
173696140761234.01
174878306117613.45
174883568330090.22
175584179364158.31
175584179106480.32
177510149125212.59
177510149556669.56
177731427337042.44
178758666371565.83
182774156146123.05
183691383107865.74
183691383775659.13
185152448273041.60
185152448360784.62
185152448231521.69
186382757376682.27
186382757462697.00
186382757123625.16
188334686335100.79
188334686199028.23
188334686214025.65
189515767328297.55
189515767293054.30
190193297170840.33
193262678128838.88
193262678142453.04
194810104418711.07
197435531114120.77
197435531228749.57
197435531163397.11
197435531179257.99
197855977553685.56
197855977338645.34
197904816561513.67
197904816146265.98
199152613341609.14
199568135219024.28
200146461102363.55
200269226181177.45
200675412319722.30
202257991152161.04
202257991428933.79
202824367126985.65
202824367592311.00
204235604438206.46
205373035320705.21
206331108111665.62
206331108550078.07
208252813122811.04
208252813735183.58
208898303186825.60
209331946305859.55
211473251107413.02
211473251101588.50
211473251432523.03
212331880320215.65
212331880245466.48
212331880237105.25
213071140390021.18
213396943394131.90
213396943158070.83
214875375156445.07
216594016122448.40
223218265178667.67
223218265540311.87
223218265129754.24
225300737166850.96
226296901140064.16
226296901579064.63
227024004273173.42
227024004209586.28
227842032175415.86
227842032196527.13
227842032151896.34
227842032237747.41
228054518367199.20
228054518495193.54
231403051870786.94
231986561121800.25
232534761584605.46
232668625491562.14
233179776383806.00
233967114106293.79
234155102143221.31
234155102531011.64
234380094349151.14
234742004140510.20
236930781816914.74
238163265130324.44
238163265123245.25
240606459286198.31
241633719459776.57
241633719726568.01
242190041441855.69
242612545243285.52
242612545146786.10
246387732818999.17
246387732144846.75
246387732207049.61
246395504246476.15
246395504139234.77
246578626330158.09
246578626870844.50
246578626240064.14
246921183111189.85
246921183367469.78
246921183402805.70
247591311102252.49
247591311625011.67
247889291691869.77
248284961117429.38
248938351149936.42
248938351379529.53
249111475528997.08
249111475581766.63
249420279563921.08
250189385433494.40
250189385309225.67
250189385536626.98
250189385157728.68
250503993220363.75
250503993589220.86
250503993152775.88
251687419152433.39
251687419318200.09
251687419245113.58
252146182377623.95
252146182115163.81
252146182486883.70
253356546175313.58
255125620157139.98
255906899385352.28
255906899200764.41
255906899229873.22
255906899292199.93
255906899211428.32
257911652267730.26
259683861372545.53
260220807478031.91
263492694434784.33
263492694118508.30
263492694108489.24
266312721233064.62
266312721379238.69
266312721197946.48
266711588254131.74
266711588118130.43
269437650103456.48
269555399198638.62
269555399133118.03
270193205443231.06
270329525305761.45
272709278394507.99
272709278252221.40
272709278743979.70
273445992274333.34
273918930118541.31
273918930164252.59
273918930240342.97
273918930176712.78
274765790179127.60
275115779529385.81
275115779143956.60
276903838313710.41
276903838494433.14
276903838164814.92
276903838187689.18
280225069161686.54
280225069308567.80
280225069107504.09
280562852106869.79
280562852323292.86
280661619644139.37
280661619526117.24
280797933116074.39
280797933200074.96
280797933521687.84
280797933467751.08
280903690464186.80
281436615385066.28
281436615722952.05
281506639120195.08
281506639106621.00
281506639695652.11
282441191502859.11
282441191383393.87
282441191201827.23
282879114124823.65
282879114683658.75
284278668358566.50
285241161594340.78
285241161100525.45
285241161102657.76
285241161230741.54
285241161552928.97
286357906149870.95
286357906557184.95
286357906256186.89
286547825145437.40
286547825483567.28
286547825115648.10
287194096564377.17
287324315619927.71
287324315114918.75
288996231408687.83
288996231417191.29
289860384439826.67
291250183138581.86
291250183253737.92
297330673612380.20
299692662308467.85
300372299230034.83
300585303176025.36
300585303108769.84
300585303125477.68
302257891251854.58
303129987320505.56
303129987102633.87
305260427695967.40
305260427481477.58
305260427159055.24
305260427508634.88
305658630544338.47
305747566280422.08
306920818121027.08
308056990489797.47
308056990169784.42
308106984214839.46
308106984206345.81
309594392244489.81
310209435797598.82
310445634192403.63
310454191108007.32
310719616195672.48
311939514390205.33
315846409310006.06
315846409102973.55
315846409300347.69
317453153620382.89
318614657361111.20
318614657176319.03
319656394244213.51
322087967542048.34
322087967114270.61
322087967702767.09
322087967111430.13
323848130298961.64
323848130242940.26
325918281175590.92
326213588919861.44
327010449267286.46
327010449165074.67
327010449273363.98
329371056627339.05
334193213366699.86
334193213355801.50
334193213241185.97
334960441848698.35
334960441648958.73
334960441414805.23
334960441408018.26
335537630156470.43
335715381218174.27
335715381761332.99
336801473687767.49
336801473138003.89
336801473230561.11
336960695391077.04
336960695699544.52
337491743701286.93
338290715240536.36
338290715100909.46
338290715420347.11
340842280204368.28
341952800120315.07
342074651943577.31
342074651511369.22
342074651202514.29
342896477246165.92
344397779189548.62
345774001125925.49
345774001817717.70
345774001104116.35
345774001164581.99
347564606371693.00
347564606201957.42
347982043236141.48
349996174357583.63
349996174281032.40
351530440114279.18
351530440476934.32
351530440392326.29
351530440194363.70
356203328455139.38
356203328381609.86
356203328357466.68
356401591136326.58
356401591304708.21
356708742230249.60
359988945404058.90
360321320556372.75
360648093369961.34
360648093199513.94
360648093556634.16
360760357191551.46
360760357485156.06
360760357122527.57
360760357646359.12
361194255523784.11
361194255174832.87
363393550122367.25
363393550193426.94
363593682642651.61
363593682120800.50
366650656235258.27
366650656135006.06
366746235140787.97
367999686124170.44
373137581137811.84
373471525260693.72
373471525536175.98
373471525169309.10
373777889174525.24
374363533442279.29
375468241209823.00
375649427578884.19
375649427114795.33
375649427194937.73
375649427106956.40
376923868295401.99
376923868191030.69
376923868147684.68
376923868338788.70
378162833336391.57
378497248188971.87
378497248591056.27
378772748244734.47
381543660420840.58
383373004788146.05
383373004131804.84
383373004365926.17
383648179267255.80
384080914405113.56
384080914289278.74
387186313146130.86
387186313303530.77
387500606175881.25
388235755471476.14
388235755489114.78
388303403507155.20
388303403205551.06
388303403251170.60
391123961647290.12
391123961219100.00
391123961222517.92
394188633229861.18
396829952164732.90
397308858537214.58
397308858151932.80
398336007249550.08
399791202126133.56
399791202119302.04
402010932210231.99
404175752525776.08
404175752672931.09
404175752154932.04
404967312111143.89
404967312501594.34
406053005293527.18
406053005197216.69
406053005181640.77
407116351116073.63
408354382116147.71
408354382142603.71
408575433626137.57
408575433165363.88
413082880187309.10
413890988248156.69
413890988426775.91
413890988187409.78
413890988256082.82
415625092160831.97
415625092810926.51
415945167933043.14
415945167322346.35
416461717313628.06
416461717252532.94
416461717740410.83
417123406348586.82
417123406300795.41
418304933449132.74
418304933219585.18
419600217484063.33
420096621189948.36
420541052319448.38
421251419313579.75
422294374115715.82
422294374117993.84
424293071479492.01
424426699266474.38
424507928454759.68
424507928115653.59
424687486185160.46
424687486328671.38
425836396175258.03
425836396110069.35
426198015210550.52
426198015108446.47
426827475799813.89
426827475722889.96
427023543129308.09
427653658127781.95
427992830391587.12
428026116280740.50
428026116103101.39
429444957162264.37
430429762439648.20
430429762171055.99
430429762707052.02
431781818158605.38
432482257316586.98
432482257303727.00
433249952113592.58
433249952250532.40
433249952101535.40
433249952115606.76
435830994402759.18
436541345381757.15
438571031207000.29
438571031184296.55
444632472145027.57
444632472130586.30
444632472240361.12
446101021139483.61
446101021270062.79
446667759101054.80
446667759516014.42
446667759649309.48
446667759107859.30
450033863425740.96
450033863107740.27
451898397150470.82
451898397104090.22
451898397597500.73
452907513666247.01
452907513170397.37
453945758669750.06
453945758212850.13
454505347227826.42
454505347226759.12
455563512342863.93
455730993171506.65
456482293112773.80
456482293125973.77
458889106180347.69
458889106264309.49
458889106460818.27
459758995541979.35
460129470526499.85
460384223207966.22
461009699559420.24
462462168712684.80
462462168461408.26
465082059352947.32
465082059922346.35
465082059545562.71
465082059329604.06
466227501348956.43
467196963916068.36
467196963258850.71
467196963335955.92
467984196250996.40
467984196210508.19
468868295113890.14
469670122209908.93
469670122142586.69
469670122186073.78
469670122271137.74
469670122220428.93
469670122148524.13
471857970652002.27
471857970196628.19
472446118506515.21
472672595296557.68
475728122187353.93
475728122190311.89
475728122103298.10
476386452530825.53
476873067281761.10
477605614253905.46
477605614111321.73
477743286250767.19
477743286211086.70
477743286195231.88
480704953462246.87
480704953669082.96
485170462343903.99
485692569157869.66
485692569582373.78
486364990106894.60
486364990103379.62
486364990939451.64
488775063204396.01
488888112160698.12
488888112254906.58
488888112579365.66
488888112163901.19
488888112338341.07
488888112848650.03
490775374368497.28
490775374134187.31
491246623219027.05
492413974313752.54
492413974112975.85
492413974579177.84
493683428263033.30
496793622362397.43
496808525132863.65
496863696154691.12
496863696186365.67
496863696484841.28
498112669205101.43
498112669452720.51
498143404128257.69
499053599804857.57
499283581185435.32
499467860297533.35
499467860559956.39
501158925813221.42
502176650272100.08
503012100256916.99
503012100240961.40
503012100177376.29
503122533151338.47
503122533266255.42
503832403119618.85
503832403121906.47
504584172344620.32
504584172206239.63
505731999289618.57
505731999520384.83
505967417307462.12
506140362403134.09
506140362652952.48
508251419553448.27
508251419215532.40
508739487129297.33
508739487703248.17
509446156465764.86
509446156264386.55
510037513880293.42
510037513655815.40
510037513316789.92
510332426116727.15
510332426206085.79
511077882698591.10
515516619273733.01
515516619356283.93
516257727665590.76
516257727101157.85
516257727698798.66
516421257127341.04
516421257495981.65
516473646205316.01
516473646350754.30
516473646317683.72
516473646342302.80
516628786502376.02
516628786535338.03
516628786243591.40
518109934120231.28
520080558187407.78
520080558247902.30
520080558107577.51
520080558126786.51
522078050100717.04
522078050257491.23
522284048366407.93
525252585339177.04
525252585124239.51
525361683345437.97
525446383210046.19
525446383699439.93
525926278359355.05
525926278211265.59
525926278400586.17
526668130514216.48
526668130249809.15
527367550274899.35
530289161651899.42
532377979452217.86
532377979198448.27
532377979546083.58
532472558258860.26
532472558452084.87
532472558320932.74
532472558216528.78
532472558265580.74
533172258272210.06
533201440129418.47
533201440693324.72
533363124249429.64
533363124158650.98
535091207196921.96
536388893460691.03
540275431312750.28
540275431306693.02
540275431105323.15
541413187101614.65
544528724921377.36
544841969233665.61
544841969711550.93
546254123618942.03
548129152156606.10
548395241116893.78
549249535196063.13
549249535252949.62
550392053114910.26
550392053330493.91
550392053231784.69
550392053205399.17
550920165134098.85
553656369107384.28
554268365124199.19
555401971271290.93
555415591140958.18
555790640367544.30
555790640596477.03
556537470778244.11
556537470263856.51
556605206866808.93
557278620290343.29
557278620474651.07
557278620326987.75
559506176135097.74
559506176731157.09
560672299285699.79
560672299152065.05
560802817121944.66
560802817204060.23
560802817101939.51
564477851177087.17
564933553131770.30
567218651100701.06
567218651338354.98
567546933852929.77
567784105159765.78
567979109140012.06
568079403463713.48
569486726161424.67
571352753512699.75
572337884292602.13
572884241230183.14
573070853215495.86
573070853374023.76
575858400446376.52
575858400484440.49
575858400395478.79
576488475149811.81
576637740295745.04
576637740127967.73
576952335112984.78
577980947101478.51
578256628109832.52
578256628250611.77
578256628195710.43
578677978133064.23
578677978325794.82
579716532248042.53
579716532113684.88
579716532285706.84
579716532125711.44
579716532810841.38
579977556158225.63
579977556393606.47
579977556133818.61
580510726345268.02
583581204453552.51
583581204112598.76
585432648141896.33
587327921578618.54
589037736385741.69
589037736209493.98
589037736208561.42
591134335248344.46
591386815282811.23
591566736443620.14
591755775114629.55
591755775236451.89
592244826103047.24
592244826878424.97
592244826705025.60
592244826275087.64
593634266351082.43
593634266373671.96
593634266539316.55
593634266261896.66
593771725280949.58
594043398120771.17
594043398143011.94
594324319169423.44
596116932106124.78
596735948601675.94
596735948172011.21
597173782118736.89
597280119692718.20
597700047172593.67
597700047135117.25
597961118536106.61
599199529713411.56
599199529460559.96
599601333134989.21
599814919512678.67
601866754674099.68
601866754380110.85
604314812297716.41
604314812345673.09
607424818367463.68
607424818145491.84
607682491251931.08
607682491666737.21
607784672521231.27
607784672320265.29
607784672550268.83
609357423106620.26
609357423589636.52
609956325420348.28
609956325797833.22
611824131103602.46
612217407237603.00
612217407116854.70
612217407155631.05
613510744129075.65
613510744758895.14
613510744475478.71
613510744313584.51
614168147142230.62
614168147260481.30
614497745164124.79
614497745588044.61
616044848827771.21
616318415217712.79
621018422641611.79
621018422127296.56
621018422382774.49
621333885366638.27
621435036179533.68
621435036651303.63
622018493292362.14
623544731117572.99
624782179116993.56
626305925395961.76
628095494270025.13
629853331699976.00
629853331219198.03
629853331315090.40
629853331398767.44
629853331370312.49
632295008207199.43
632295008290045.15
632295008446269.07
632481654350938.60
635752965378538.66
637624644519509.39
637624644649718.48
639106352105490.16
639106352802497.64
639863652348636.34
640296389141522.73
640296389728706.28
640296389217590.88
644375478702216.96
644375478407807.26
645141474111454.47
645141474749830.12
645171319120660.25
647684066113624.88
647684066119736.35
650275710433103.66
650275710397324.52
650275710798317.35
650616593502577.53
650616593217205.85
650825130183532.00
650825130150894.49
654751100437069.37
654751100335613.45
655015427183661.55
657572634242057.91
657572634331974.99
657717831335440.43
657717831104031.00
657717831442197.47
657717831442633.03
661371803116880.23
664704523224365.28
664704523622443.03
664704523574630.53
666713328146554.23
666713328659617.96
667125327273047.22
668975990146591.97
668975990183704.20
668975990205735.41
668975990237256.61
669330235175769.27
669330235380497.50
670886330722371.71
670886330100696.87
670886330754632.24
672665835798569.90
674252723747455.77
674252723126349.40
674269389271585.83
677308025271747.29
677308025961719.72
677308025147676.40
678331562466561.96
680853772258566.13
680853772227708.30
683783421178931.68
684051160166841.33
684051160225962.53
687051228324454.49
687051228219342.51
687844703120371.97
688045796115010.06
688045796308127.17
688045796114033.19
689530017103619.64
689530017157809.10
690445256700825.55
690445256202493.51
691505122156561.47
691505122187850.32
691505122386485.02
692813473282405.71
692813473581426.64
692813473104740.35
694666401127870.96
694666401124962.36
695593032231026.00
695593032300164.67
695721158516603.98
696737516138591.01
696737516545839.68
696762410200566.55
697268393719837.28
697268393900651.61
697507876692355.74
697507876644983.20
700404816164856.46
700404816110731.15
700404816307676.24
700769920233550.57
703509375191233.74
703711397471258.42
703711397360896.62
703711397435828.99
705077862583400.66
705077862644195.45
708860887363016.65
708860887350205.78
709632903223652.50
709753591722572.48
709753591490592.52
709753591544262.22
711042412387606.25
711042412493690.75
711042412681226.02
712686604155451.83
712686604166142.38
714573514314246.51
714573514105143.18
714573514104992.87
715079332527189.27
715154514161985.08
715154514429334.76
715155736203536.05
717732308593131.99
720638406343653.63
720638406150149.17
720638406108205.32
720735142117957.42
720978012200213.17
722593429230660.73
723153061129285.81
724554875122864.11
724554875117763.52
725651968609110.53
726534543651648.31
726534543360925.32
726534543427025.75
726534543463642.85
726534543112714.18
726536216116702.32
727338137224057.15
727338137122544.72
727460616419933.98
727460616547620.86
727460616220129.21
728010978169167.23
728010978218252.85
728066349837594.44
728066349494701.14
728066349444202.79
728290540103895.02
728290540671917.54
728290540404915.64
728419424392728.75
728419424146706.52
728581698173558.58
728581698338247.59
731333851270208.80
731333851375307.99
731333851423095.61
732987378192358.83
732987378540312.10
732987378722365.64
732987378273813.32
732987378330873.17
733212816143086.32
733212816531424.44
733212816304503.09
733279489565538.82
733279489401264.42
734534344214026.89
734534344642967.47
735416192556347.13
735815836107678.26
735952744577505.58
735952744264378.78
735952744416809.50
736105066108677.00
737774362336133.52
737774362681466.19
737774362581771.15
740892337124624.33
741118256616131.64
741118256225987.72
741118256421690.35
741418570412278.23
741418570207138.88
741714598340630.74
741714598557334.26
741714598406365.23
742325919284562.14
742325919113091.77
743605154231640.21
743605154740368.39
743605154548301.81
743605154143991.46
743605154305464.04
743605154297113.67
743702952211362.75
743702952161679.84
743793189176141.08
744080844269771.16
744080844157309.50
744080844648154.76
744111618510500.32
744111618131026.23
744111618724183.20
744719160493122.85
745820413245879.92
746772132105948.90
746772132214605.86
750482494263038.02
750482494166766.01
751107410333814.83
751107410289411.46
751107410305420.13
752909584412203.23
755416563102358.36
756409715267875.29
756409715163203.70
756409715324969.81
756409715170199.95
763126179182215.03
763126179330154.91
764284963883105.46
764284963435001.68
764423530431314.14
764423530130403.17
764766950205942.83
764766950268622.03
764766950277651.68
765191526134820.50
767090797692225.65
767090797139681.02
767560600508532.12
767923546309855.00
771243486145760.44
772153147334837.25
772153147136963.22
772153147611731.62
773516741308883.21
773516741111639.67
774369338671030.81
774369338108069.90
775854690160976.33
779898477322221.50
779898477268409.03
779898477367344.80
780564297192532.51
783558945735764.30
786411085101672.03
787277561246775.82
787448057290929.11
788376313693516.34
788447113111632.43
788447113524443.41
788447113128913.64
788447113600467.97
788874963106547.90
788874963339502.06
788874963962423.76
789835972589249.66
789835972276747.26
792368394257212.96
793913439140807.63
794920973437340.45
795096195280159.81
795453330335884.45
796309849575868.03
796309849218713.76
796309849516614.02
798927628184429.15
798927628180783.44
799353999587551.58
799353999386075.32
799353999504997.62
799447416277740.00
799493037498485.72
799493037111671.01
799493037579608.06
799493037463117.73
800602389569055.99
800602389494318.61
801071882521181.19
802764368339735.57
802764368893699.19
803192777796952.64
803192777532143.90
803824523159376.24
803824523196362.14
803824523196384.92
804301199142915.98
804301199625336.62
804301199334669.25
804704037355023.97
805107938150651.60
805107938606751.78
807200119296125.40
807653867141454.77
807653867247623.85
807653867238667.04
811375238208537.44
811375238151911.91
812342285362202.28
812342285110341.60
812469877215910.20
813061542321565.50
813061542384701.40
816562775476649.92
816562775416297.90
816562775683325.18
820522612192548.32
826458235272797.60
827936539128473.64
829088534689362.96
829708620545389.06
829708620540538.47
832048507447990.34
832048507328338.53
832048507113740.16
832048507619580.07
833743918286831.22
833786644667502.37
833786644118808.15
833786644420732.53
837956843405957.62
838038767337695.72
838038767340814.84
838515118590232.19
838515118378623.95
840052418196839.91
840052418257010.70
840052418570482.86
842240339409544.91
842240339568988.43
842240339129644.19
843039617400611.14
844946410174390.71
844946410304561.16
844946410227726.63
845007025177328.93
845007025250598.10
845007025510891.22
845007025398863.78
846251855334928.10
846251855247222.03
846251855846534.97
847566961162241.92
847566961342948.38
847566961116135.18
848425763182079.69
848425763428346.85
848425763427307.07
848909968562859.46
848909968444903.95
848909968352891.79
849037548471217.04
849037548413783.90
852391417172637.28
852391417399207.28
852391417110704.57
853800531290528.17
855341876140034.41
855602001106524.95
856453112489973.89
856453112136703.83
858096665595920.10
858619365582852.75
858619365419496.28
858732508258739.58
860734034146318.21
861673124134773.46
861673124208589.53
864088029442042.95
864408674344081.44
864780379242543.80
864780379238174.96
864780379479907.75
865845907197287.12
865845907731021.16
865845907486106.96
865921924172756.63
865921924430261.88
866362412192271.03
866362412105718.96
867061858620240.29
870308841170030.90
871029659294736.64
871029659275460.03
871029659356162.63
871029659658078.36
871712010356799.42
873722327158933.14
873722327376930.63
874448514206938.85
874448514750723.99
874448514504040.27
875501767218254.49
875501767195094.80
876982608199580.28
877735379345578.22
877735379326126.71
877735379210428.28
878061989120654.15
878534299629988.82
880075355786417.21
880075355430870.43
882053089268099.84
882053089169188.55
882053089370559.54
884826319175720.12
884826319646933.43
885514539254708.21
885514539133357.80
885514539106839.92
885514539105189.23
885613601172605.93
885613601195937.24
885613601135139.28
890228256163277.98
890228256146015.32
890755827561506.18
892000970456208.56
892000970242828.49
892452887229372.87
892768447321559.79
892768447165880.45
893082188650852.52
893082188342822.22
893441803315656.56
893441803110473.32
895334626197585.90
895334626653944.50
895334626190062.53
896018940308884.36
896018940269347.29
896259087215989.64
903491103525915.06
903491103218349.90
905095305155651.48
905129322447889.57
905129322111029.94
905207705194163.40
905207705286640.24
906471339812684.17
906471339664190.63
906471339114591.23
908450089140654.77
908450089258593.12
909570481112047.60
909570481694989.10
910985395272473.07
911398268531987.27
913977793305075.25
914557218162711.12
914803330230118.12
914803330356666.14
914803330292938.16
916303780307364.13
918892608412201.19
918892608482693.79
918892608585408.01
919002406406246.65
919465042124697.15
919465042270552.57
919783045602398.82
919783045178113.60
920265619801754.85
920265619231284.82
923474867230938.79
923474867604061.30
923474867109617.83
923698643198365.16
923698643108564.11
924705809281610.12
924705809128205.64
924747060117179.82
925380943111653.88
929784486175454.32
929784486318129.13
930363959119838.08
933389717670692.27
933389717116221.72
933389717639891.10
934000522183220.98
934000522564722.00
934000522205897.96
937277590497139.68
937277590438332.59
937277590336705.00
938084343134605.00
938084343176516.83
938084343152335.73
938193381385133.73
938193381567649.52
938586701114011.52
938586701344780.46
939409678368323.98
939409678182584.88
941706245100762.01
941706245354972.66
941706245134808.51
944771490316594.04
945122047143669.23
945122047178322.22
945122047190255.40
947336821297142.39
947336821233621.68
947687206294298.75
948481987563775.10
948481987177199.73
948481987276019.56
949634743133005.65
949957077102008.26
949957077389114.58
952093581527587.06
952093581123863.40
952093581252457.02
952391123126618.29
952391123472273.59
952391123561936.89
952827865497434.72
952827865596832.61
952827865756069.96
953276484253362.24
953276484378579.09
953551961293887.84
954384924612200.04
954384924128615.53
954384924355030.04
954384924268244.27
957725074102283.46
957987877263131.55
958140136218461.22
958140136154895.13
958140136139321.39
958776195110163.27
958776195360252.24
961832280230300.42
961832280560971.81
962693075130582.27
965364270216392.98
966461342350121.83
967522635268919.34
967522635752277.14
968882645338579.36
969405609437025.01
969405609142474.35
969405609147727.83
978836641199151.85
978836641725030.68
981162480463988.35
981166685594595.35
982766375110306.05
982766375269042.16
982766375119539.45
982994214261261.71
986310355155286.61
986919540123325.45
988676105104535.34
988676105169883.31
988676105102102.82
988676105819389.97
990095516131763.77
990095516667044.12
990095516233051.35
991842459213753.62
992484817133508.51
992958791759503.85
992958791561768.89
992958791482361.91
993163024168610.07
993893498157007.34
995876448748082.49
996402539269589.75
997660003728010.92
997918938419280.34
997918938113577.55
998254744717171.32
998254744190337.13
998254744341732.55
998254744190157.09
998943288418190.39
998943288204078.64
