100075100202250.70
100075100316853.51
101156577115442.82
101156577337164.92
101596937325089.35
102260703156128.70
102417505271699.53
102417505262143.92
102981320253471.33
103880243484701.65
103880243196007.49
104518388138560.51
104518388455343.94
107304349570914.70
107304349282726.90
108262806358079.93
109663353398566.79
109663353494932.94
109663353145389.48
110017382188319.53
110765917102010.36
110765917353729.48
112571729498515.29
112571729543477.93
113306414182246.00
113959481167432.45
113959481464757.66
113959481110330.06
117228782657155.55
117396658626529.59
118365161142513.35
118365161293300.67
119016727784469.41
119016727693160.84
119026684548401.20
119611116290376.33
119611116404852.43
121001410369183.77
121001410185332.67
121001410196556.53
122627851668864.04
122627851152645.69
122627851120658.60
122627851153508.57
122793853170530.00
122793853423443.53
127662812122704.09
128053188317394.33
128053188602176.42
129254821497047.49
129254821137364.48
129254821303116.37
129551756353756.14
129875133520303.97
129875133152213.70
130187347102038.81
130187347151629.49
130187347351930.11
130187347142409.84
131320092209165.75
132524384294508.39
132524384112570.69
133904151136041.27
134053382131183.37
134195087403768.21
134195087969942.73
134195087361039.96
135196155617721.11
135196155593316.79
135196155213516.65
137281364437268.71
137709375380312.60
138693034119110.77
138759230102523.47
138759230614376.01
138759230357051.43
139450583237797.55
139450583227876.59
140787251246968.66
140787251439953.39
140787251175995.26
140787251131479.72
140787251340408.09
142695573487595.15
142695573177708.27
143213151297828.88
143213151415267.92
143213151553566.87
143616141209809.66
143616141241567.00
143616141779629.85
143900095355735.03
144086960229276.03
144086960165816.90
145294573479273.14
145294573514564.49
147626232223262.03
147626232484758.71
147626232130517.46
147949197266719.24
147949197371741.94
147949197103281.25
149086189786785.39
149086189151048.78
149086189251021.00
149673275268497.37
149720314115078.09
150391254280555.61
151020112120303.35
151020112351848.37
152798968505687.78
152798968707432.50
153925503104507.21
153925503800232.02
153925503931673.34
154586988107193.15
155296524533235.91
155296524697151.28
155296524110897.63
155296524661345.61
155296524225805.77
155296524197229.56
155306319600712.32
155306319162305.48
156101978121772.32
156101978306983.30
156184156147153.42
156184156311417.37
157898134185444.57
157898134158721.87
159509387299756.21
159509387423768.59
159880267223231.15
159880267278763.22
160594018129914.64
160631595292325.20
161100836503589.26
161415507318330.67
161415507330882.92
162015601251432.34
162541070122975.79
163061073350032.54
163061073183385.54
163061073147324.63
163061073151134.12
163061073195497.14
163061073257670.27
164904976707625.03
165258260135178.83
167002917102481.45
167002917414589.15
167519799338784.99
167519799341355.66
167640157268035.73
167640157345180.25
168112199605927.79
168112199288331.29
168112199404261.44
169154377109875.51
169154377516816.41
169338279105526.75
171346863124760.01
171346863391750.07
171534295166992.55
171534295834127.84
171534295327070.80
171748766218636.82
171748766104477.67
171748766102905.27
171748766225372.80
171748766365483.11
173696140109160.47
173696140146947.81
174671762470161.99
174671762198777.95
174883568180954.62
174883568223331.11
174883568228682.62
175584179685753.02
178060486203420.30
178060486153123.33
182774156143631.30
183691383801281.98
183691383711220.91
184410327161868.15
184410327653515.87
184883882101752.26
184883882476218.65
184883882422970.33
186382757241132.16
190193297113712.09
190193297716953.36
193262678305443.99
193262678587310.80
193711006478759.52
193711006609487.16
193711006206271.07
197435531406513.53
197435531626811.03
197435531197568.59
197904816771768.11
198855106255045.86
198855106357023.55
198855106487206.63
199152613207714.86
199152613154334.54
199152613490473.54
199568135556505.10
199568135109489.25
200269226252560.80
200269226519333.83
200269226136131.04
200269226320629.66
200675412161540.53
202824367101172.06
204235604336474.18
205373035389019.12
206331108671621.78
209331946106851.78
211473251158126.74
212331880450215.62
213071140219720.00
213071140150813.22
213071140676691.48
213071140130882.37
213602432159937.23
213602432554508.27
213974503239954.35
213974503103168.57
214875375312562.23
214875375535961.76
216594016125288.27
216594016785977.41
216594016759249.94
216594016485754.25
220072911536958.31
223218265119119.00
223218265313167.21
223218265153626.45
225086135655566.58
225086135216238.95
225300737386349.44
225300737663788.83
226296901591716.75
227024004220099.28
227024004582604.02
229613819254654.99
229613819102937.00
231214121519685.30
231214121118344.07
231214121601590.99
231403051196706.28
231403051589006.79
231986561203126.39
232534761507204.66
232534761204773.82
232668625822714.44
233179776853912.47
233179776136115.09
233179776147591.44
233967114200862.10
233967114368524.76
234155102251697.74
234380094126631.54
234380094189661.56
234380094171553.93
236456055131608.00
236456055405298.08
236848862391123.14
236848862353496.81
236848862468349.04
236930781582288.23
236930781112307.48
238163265212989.37
238163265270554.41
238163265117384.53
240606459269913.06
240606459314732.99
242612545484814.70
242612545242237.03
242612545203195.15
244846436166033.85
244846436537146.41
244846436578883.28
246387732516194.63
246387732594296.37
246387732470416.34
246395504648991.29
246395504274840.45
246578626559943.49
246921183172023.96
246921183327243.68
247889291460638.98
247889291352826.64
248284961394134.00
248284961374478.82
248284961386913.72
248284961906990.83
248938351103743.73
248938351146543.91
249111475467767.62
249111475596742.36
249111475143475.66
249420279500608.43
250189385264946.00
250503993399737.68
250503993187596.47
251687419466820.26
252146182288855.38
252146182583386.28
253356546375011.82
253356546306298.54
253356546643709.06
253545920539621.62
253545920861938.75
255125620125071.47
255125620154884.89
255906899270772.05
256617553131890.25
256617553431812.90
257911652382031.62
257911652209245.27
260220807497877.80
260220807102693.69
263492694372053.57
263492694166104.10
266312721138520.53
266711588102274.78
268908366225411.20
268908366526858.58
269437650161836.61
269437650625935.68
269555399113097.81
270329525186155.45
270329525300217.57
272709278407769.92
273445992467859.46
273918930208100.38
273918930363652.01
275115779164456.08
275115779628439.83
275411499686662.09
276903838483649.88
276903838168354.26
278219696442569.98
280225069100936.73
280225069414801.33
280225069144890.39
280225069110556.99
280661619178712.21
280903690196650.44
280903690270013.28
281436615166552.14
281506639253863.83
282441191102015.69
282441191104974.29
284228307111284.73
285241161178064.70
286357906151382.80
286357906105822.03
286547825335841.93
286547825100067.22
287194096529745.55
287324315102515.44
288996231131372.77
289120238215180.92
291250183655935.49
291250183356694.41
291250183249280.91
291250183121541.51
297711458121736.18
297711458657558.02
299490674109022.97
299490674503975.18
299692662232507.81
299692662402169.82
299692662134225.00
300069649605044.05
300585303122666.87
300585303439525.91
302873488218352.98
302873488260405.47
302873488101411.53
302873488360426.32
303129987542165.48
303129987336652.31
304435923216528.22
305260427115618.68
305658630205414.11
305658630634649.02
305658630592291.71
305747566113423.34
305747566283011.47
305747566735745.20
305747566143442.73
305747566340072.02
306920818103988.14
306920818110496.98
307552687868600.51
307552687299926.00
308056990368026.69
308056990379103.04
308106984438230.87
308106984105583.06
309594392319782.70
309594392180687.97
309594392873252.98
310445634403298.82
310445634537138.20
310454191475883.77
310454191225101.92
310719616182518.97
311939514507964.38
311939514135319.75
311939514627163.76
311939514227961.45
314940761110598.26
315846409500758.87
317453153135800.06
318614657429111.88
318868292316086.01
319539594421510.94
319656394548600.81
322087967140449.21
322087967206696.04
323848130112222.83
325918281375469.36
325918281843677.49
325918281111930.69
326213588214718.58
326213588676344.44
327010449258869.85
327010449612897.00
331804862418683.60
334193213268974.75
334193213249443.13
334193213749097.38
334960441162130.79
335537630108620.69
335715381101792.41
335715381365895.72
336801473874627.54
336801473451611.78
336960695281361.55
337491743101620.78
341952800201839.55
341952800152585.22
342896477279011.35
342896477583994.97
342896477236084.07
342896477168432.67
342896477486763.31
342896477108384.60
344397779263771.31
345774001119654.87
347982043169819.08
347982043216767.20
349996174642504.38
350620769116833.46
350620769108595.40
356203328107065.42
356401591790768.75
356708742393269.94
356708742627393.98
356708742412950.24
359988945195061.67
359988945399018.58
359988945118703.55
359988945554686.13
360648093129390.17
361194255301742.41
361194255614818.58
363393550303704.06
363393550588082.56
363593682220985.09
363593682198883.60
363593682397781.34
363593682130691.20
364950395262723.36
364950395630143.95
364950395825325.79
366650656394173.00
366650656319646.64
366746235370414.36
367999686208773.36
367999686173136.60
373137581111122.25
373137581752847.18
373471525835790.41
373471525288467.24
373740433229481.14
374363533359444.59
374363533372429.19
374363533225254.40
375468241255049.50
375641375218723.72
375641375124980.00
375890823217822.00
375890823138563.03
376923868192628.92
378162833113922.94
378330817230854.88
378497248279434.65
378772748429950.11
378772748494955.64
381543660164805.03
381543660578230.84
381543660303407.09
381816324439179.76
381816324753831.49
383088531532208.49
383088531470655.41
383373004118072.11
383373004364431.32
383648179325399.55
383648179548421.84
383648179470930.38
387186313270636.93
387500606725184.24
387500606389073.52
387500606268741.88
388235755189910.40
388235755130756.04
388303403246704.43
388303403106956.10
388875201165957.06
390209274209630.38
390772134543802.02
391123961285143.77
394019296222688.73
394019296134466.23
394019296331519.08
394019296184259.60
394188633404418.79
394188633221183.99
396829952232763.40
396829952222009.94
396829952559397.02
396984280711651.73
397308858131071.43
399791202373007.42
399791202341986.58
401214573520172.60
402889444112710.12
404175752577479.43
404967312167701.76
404967312142808.47
406053005545025.72
407116351335473.11
407116351139213.55
415625092249001.81
415625092634149.73
415945167117276.39
416461717234801.91
416461717201049.84
416461717275378.60
416461717436348.26
418304933183477.88
420096621213996.63
420096621101226.49
420096621518684.29
420541052372616.53
420541052122094.87
421251419201793.12
422294374119691.53
424293071368263.45
424426699188662.49
424426699331954.92
424426699621008.21
424507928233215.67
424687486171595.58
424687486241034.85
425263826338775.00
426198015314694.16
426827475138077.37
426827475409644.94
426827475455259.68
427023543264195.16
427653658103760.20
427992830193129.74
428026116177960.12
429444957229060.61
430429762876093.21
430429762522778.25
430429762433921.34
431781818142095.11
431781818381666.32
433249952100074.12
433249952457142.84
433249952826312.29
434306159122999.81
434306159121083.00
434306159269579.88
436541345467321.39
438571031170963.31
439202619140699.81
439202619324270.41
439815013543796.49
444632472587455.18
446572198607959.27
450033863116850.55
450033863186698.06
451898397242990.66
451898397236555.33
451898397748135.62
452907513185007.23
453945758267540.13
453945758199289.08
454505347726400.54
454505347140700.01
454505347468995.60
455730993385034.32
455730993245594.79
455730993213290.71
455730993273700.17
456871046469279.50
456871046203032.82
458314948124450.99
458314948294775.37
458889106112896.67
459758995285652.87
459758995601344.69
460384223218981.72
460581703289802.56
461009699107627.98
461009699168691.20
462462168100849.51
465082059143094.06
467196963384346.18
467196963226793.79
468868295348781.17
469457644210720.84
469457644262093.79
469457644737722.43
469457644833351.29
469457644146548.13
469457644247272.59
469670122139506.51
469670122208202.89
470045158525816.57
471857970244529.88
472446118685667.86
472446118715565.56
472446118141141.31
472672595219882.57
472953771606173.95
473901580268177.25
473978837241496.97
473978837122690.81
473978837528175.15
476077303111231.12
476077303413573.08
476077303482706.72
477127591486930.82
477127591911202.72
477605614123513.29
477743286305247.48
480704953315333.41
480704953406621.47
485170462308459.88
485170462212613.88
486364990479522.30
487578976200384.35
488775063862677.20
488888112500422.88
488888112307326.57
489537808546246.76
489537808260576.01
491246623284747.91
491246623252086.00
492413974467816.15
492413974672308.29
493683428103483.87
493683428399500.34
494404564300714.77
494404564276515.18
495390908762996.79
496793622788632.73
496793622145463.09
496793622887568.15
496808525189672.36
496808525129231.33
496863696593032.35
498548222227332.50
499053599107490.08
499283581930400.99
499283581155748.35
501158925119578.94
501284104297985.31
501284104320821.54
502176650188033.48
503122533174092.41
504584172443157.97
505731999114336.69
505967417579165.82
505967417105786.55
506460140169016.64
506460140200070.73
506460140239018.58
507517153229860.12
508251419282714.21
508251419153973.00
508860646207611.46
508860646349681.48
508925718766916.21
509446156725546.84
510037513732339.01
510037513510504.52
510064144552887.81
510064144721442.15
510064144101975.30
511077882182693.36
511077882158578.99
511077882618408.09
514855712410308.64
514855712195770.36
516257727221147.56
516421257151848.73
516473646100568.49
516628786273167.14
516628786546345.44
518109934592218.55
518109934472873.04
518109934110168.75
519289907696610.01
519289907132488.30
520080558353415.85
522078050143012.68
522078050300062.60
522274769154676.80
522274769530376.39
522284048662596.03
522284048216868.51
522284048172477.29
522284048348128.83
525361683360647.31
525446383163621.72
525926278115447.70
525926278383877.38
525926278196857.23
526668130243332.67
527367550505748.62
527367550510009.55
530289161241422.29
533172258122886.03
533172258268320.77
533201440243501.42
533363124571453.17
536388893290256.10
540275431131555.34
540275431131283.76
540275431344618.70
540275431340193.59
544397782113971.27
544841969598461.75
544841969195768.35
546932506287651.34
548129152394194.05
548129152134650.32
548395241261845.96
549249535405106.71
549249535113816.64
550392053592047.10
550920165279663.45
550920165117127.30
554268365862740.22
554268365591156.64
555401971420779.25
555401971111158.69
555415591234163.51
555415591448149.49
555415591154841.01
555415591315628.30
555415591123867.12
555415591872035.67
555790640106106.97
556537470114470.72
556537470306031.60
557278620173960.78
559506176145093.28
559506176115425.27
560162315264742.72
560802817172673.06
566125962103908.45
566125962105596.25
567139088301779.94
567139088234383.56
567546933115913.50
567979109117441.91
568121813132176.23
568121813732653.50
568750929172345.66
569486726216021.98
570950541324537.73
571264525221261.67
571352753242865.02
571352753229474.54
571352753826546.03
571352753307495.11
572804719221228.54
572804719799596.13
572884241730378.16
573070853420435.89
573070853479140.94
573251199123838.14
573251199373270.71
573251199261400.46
575858400675185.73
575858400351249.93
576488475332869.70
576488475540672.87
576637740131376.59
576637740153301.13
576637740462622.67
576952335613358.87
576952335189014.41
577091859146331.83
577980947498108.07
578256628823457.98
578256628618173.54
578256628534839.55
578299020117012.93
578677978464075.32
578677978470042.71
578677978107015.29
579716532255234.99
579977556927846.20
579977556780067.08
580510726467705.52
582433833308833.32
583581204123844.86
583581204507500.16
585064535754857.07
585064535723800.70
585432648147773.71
585432648236188.85
585432648390340.46
587327921337192.40
589037736597040.90
590474012422690.48
591134335613119.38
591134335113998.58
591386815338725.50
591566736266650.07
593634266355105.57
593771725591595.38
593771725713226.91
594043398451559.21
594043398709320.09
596116932364895.88
596116932727380.42
596735948404218.72
597173782245937.51
597173782210418.70
597280119194121.48
597961118247571.58
597961118137425.42
597961118186876.77
598188631475966.04
598188631306346.40
598188631944303.36
599149683313551.39
599199529316147.47
599814919557817.37
599814919176124.30
599814919149537.77
601866754150509.03
601866754332824.87
601866754136506.13
607424818107798.91
607424818141310.01
607682491318040.94
607682491343978.10
607784672157522.17
609357423403408.49
609357423540966.87
609357423157236.78
609357423569254.48
611824131263053.37
612217407288860.06
612217407227258.19
613510744104024.74
613510744161252.57
613510744120883.67
614168147582208.69
614168147358274.68
614168147258576.68
614168147328491.05
614497745296044.54
616044848447108.39
616318415368150.51
616318415104073.85
621018422404199.50
621333885360853.52
621333885321949.25
621435036218417.07
621435036267703.55
621435036334322.10
622018493654969.51
623544731187197.73
623544731158190.80
624782179523490.25
624782179142170.32
626305925157785.92
629853331278482.08
629853331485573.82
629853331594762.91
631229305248219.44
631229305284596.10
631229305179750.12
632295008289569.52
635752965449968.70
635752965649714.13
636087692107204.33
636087692107824.75
636087692664067.91
636087692437889.03
637624644278040.03
638323057126918.51
638323057424839.17
639106352259123.73
639106352347316.39
639863652749675.96
643780731193178.12
643780731129295.92
643780731263496.56
643780731557856.84
643780731452905.42
644375478527965.90
644375478218820.93
645171319117619.94
645171319444434.42
647684066349098.84
647684066530687.54
647684066700523.82
650275710382723.70
650275710486701.29
650275710104064.62
650825130102007.73
650825130108467.56
650825130425875.66
654751100552340.56
654751100417840.29
654751100251989.01
655015427119107.96
655015427401214.00
655015427451580.66
655015427149800.29
657717831344267.93
657717831219633.76
661371803277475.00
663099628480590.51
666163731324626.41
667125327265846.14
667125327440203.14
668975990436903.74
668975990169517.10
669330235114076.28
669330235471716.39
669330235188919.21
669330235431023.03
671538009102897.86
672665835364060.15
674252723634029.17
674252723204205.85
674269389204264.10
677308025265387.90
678331562494372.45
680853772743956.25
680853772537551.53
683783421441937.25
684051160636314.84
684051160366028.07
687844703381617.59
687986102619000.62
687986102178906.98
687986102138035.63
688045796624489.65
688045796661080.86
688045796100343.65
688934511631405.41
688934511614448.18
688934511130971.81
688934511122783.74
688934511193358.24
689530017298720.58
689530017319070.35
690445256196760.86
691505122560267.60
692813473105837.70
692813473101654.42
692813473177706.09
692813473103315.98
694666401746261.91
694666401238567.14
694666401683065.45
695593032232880.54
695721158172106.65
695721158105958.26
695721158452549.14
696737516478421.08
696737516419617.37
696762410358172.48
696762410220220.70
696762410123725.60
696762410369176.81
697268393233586.90
697507876570214.90
697507876153240.65
703509375148291.85
703711397386064.68
703711397335920.52
703711397556733.91
705077862568094.39
708860887695693.77
708860887414173.75
709632903616656.73
709753591208649.09
711042412479376.73
712104267343711.64
712686604119203.28
712686604163711.72
714573514123607.47
715079332383996.93
715079332657234.18
715079332442054.55
717732308631577.12
717732308441242.85
719921851278345.80
719921851116018.09
720638406275779.02
720735142103094.61
720735142491510.22
721700362572452.43
722593429361714.92
723153061265191.50
723153061758593.43
723153061214028.45
723153061759629.14
723153061680690.31
724100989100471.10
724554875504336.50
724554875129336.16
726534543177933.93
726534543598533.07
726534543276524.27
726536216416846.19
727338137307226.90
728010978660559.77
728066349143369.39
728066349368249.78
728290540533627.10
728290540109508.75
728419424580995.82
728419424121899.74
728419424380374.12
728419424118919.31
728581698406979.60
728581698261188.46
734534344105729.67
735416192484800.59
735416192153487.99
735815836198731.57
735815836177094.61
735815836459925.54
735952744321844.78
735952744137362.80
735952744164983.80
735952744300321.66
735952744419897.95
735952744295551.10
735952744266789.91
736105066136981.12
740892337115373.90
741418570192946.00
741714598150201.45
741714598439113.02
741714598479310.24
742107910346714.83
742107910102612.37
742325919297699.15
742325919128629.26
742456291659984.08
742456291166134.27
743582967250755.14
743582967377113.40
743605154188307.23
743605154332932.86
743605154113211.07
743702952144826.85
743702952103485.34
743793189488188.69
744080844363902.38
744080844427415.38
744080844113089.62
744111618368910.83
744111618245807.49
744111618513446.87
744719160686755.15
744719160185334.43
744886514410000.51
745820413130900.50
746772132970823.90
747484841128124.22
747484841600602.09
747484841158242.80
749024226437910.71
749024226177612.46
750482494229649.67
751107410192833.28
751107410229068.39
751107410417351.21
752909584158426.64
755416563293785.20
755416563302184.87
756409715242619.89
763126179583548.43
764284963717183.00
764284963510917.00
764284963128873.57
764284963390236.75
764423530551785.74
764423530213748.06
764423530255511.48
764423530134508.11
764766950302500.07
765191526126130.19
765191526171365.90
766272564121014.90
767090797231797.15
767090797300905.53
767559506238046.70
767560600278555.57
767560600208915.50
767923546447481.85
767923546121731.69
767923546188785.62
767923546111267.26
768760990266665.04
771243486579236.45
772027421535991.06
772027421296178.01
772027421159576.93
772153147106935.80
773686797632497.47
775647608505391.66
775647608133019.66
775647608118276.04
776612198331917.58
779898477313067.70
779898477496131.91
779898477395464.98
779898477120573.87
779898477509832.49
779898477625309.48
779898477688784.87
779898477120155.33
780564297286545.43
780564297276371.15
783558945297426.59
783558945608314.81
783558945135700.50
783558945358139.28
783558945538424.73
783558945626209.62
783558945114304.10
786411085139251.38
786411085134733.00
786411085111115.41
787277561314873.10
787277561643817.65
787277561163434.69
787448057197591.95
787760922157240.48
787760922319867.42
787760922707585.01
787760922208939.11
787760922153418.48
788376313592775.49
788376313287119.54
788874963313264.08
789835972454779.72
789835972199584.16
790352185173236.23
792126435504591.43
792126435157488.24
792368394247687.87
792744363308730.82
793913439434073.17
794920973422808.89
795096195337774.79
795096195350641.85
795096195643222.00
795096195579195.23
795453330165373.66
796309849129757.00
796309849228816.95
798927628226393.50
798927628353434.85
798927628153323.46
799447416459433.93
799447416511501.16
799447416149126.72
799493037216112.09
799493037109939.03
799493037470889.00
800263855533563.72
800263855146476.46
800263855179495.68
800719960620207.96
800719960162928.48
800719960346960.00
800719960324320.16
802764368122616.98
802764368298657.27
803192777130280.24
803192777343467.11
803824523497369.85
803824523110397.00
803824523128100.71
804301199258068.00
807200119434363.60
807200119108326.97
807653867496310.15
807653867272925.78
807653867799951.74
811375238147324.61
811375238142932.37
812469877281921.51
812469877324223.07
812469877473655.27
812469877881380.07
813061542217067.52
815870915420805.01
815870915166932.78
816562775256027.72
826458235456333.90
826458235128020.61
826458235299633.97
826458235244195.92
827692583170424.00
827692583285369.66
827692583198646.28
827924954239011.51
827936539376662.48
827936539603528.86
829088534152209.08
829088534616412.43
829088534142190.98
829088534195585.67
829708620516366.65
829708620532149.53
832048507785241.68
832048507115127.64
832048507174132.70
833743918155081.04
833786644205413.65
833786644476051.48
834417306137852.60
834417306401189.31
835653081391375.32
837956843400407.76
838038767193574.06
838515118128411.66
838515118258180.71
838515118140731.35
840052418447004.48
840052418736259.24
840052418634102.04
843039617476800.07
844946410603795.88
844946410219986.77
845007025145235.47
847566961138641.68
848425763190664.84
848909968273921.69
848909968656153.52
848909968259889.50
852391417453049.81
852391417520296.32
853800531413702.28
853800531126631.78
854673599210274.09
855341876194918.80
855341876566312.41
855602001178552.01
858096665132927.71
858732508139644.78
858732508332079.22
858732508209591.78
860583046738732.22
860583046263253.18
860583046103807.05
860734034824018.18
861170886432155.09
861170886542008.36
864088029188408.88
864088029301756.22
864408674462814.14
864780379150925.15
865845907538864.10
865921924156752.00
870308841463294.06
870308841190087.04
871712010640656.91
871712010881667.92
872643567313801.43
873722327223849.18
873722327158630.78
874448514821683.66
874448514217129.62
874448514110994.90
875501767399993.98
876982608247131.46
877847577172057.74
878061989715766.86
878061989471247.10
878061989127930.09
878534299119975.35
878534299388831.21
878534299388659.79
878534299282944.88
880075355176987.91
880075355489848.20
882053089771061.77
882053089154040.56
882234971790502.76
883906066348579.85
884563373465604.43
884563373318065.67
884826319358949.18
884826319641235.15
884826319715528.81
884826319120833.12
885514539110348.61
885613601655769.07
890228256246206.66
890228256237714.39
890228256525069.52
891172890112810.74
891172890217721.82
892000970542865.57
892000970725912.06
892452887656224.54
893082188440304.63
893441803815913.77
896018940263524.92
896259087183412.38
896259087202035.26
905095305269760.39
905129322130919.61
905129322800467.09
905129322108246.95
905129322620982.25
905207705857751.87
906471339375508.99
906471339110860.50
906471339113810.88
906725953776559.73
909570481371503.19
910985395122981.93
910985395290129.04
911398268210754.38
913977793214103.92
914557218837631.35
914557218292868.85
914803330159970.96
914803330530622.80
916303780201881.14
919783045206439.30
920265619224406.47
923474867191274.85
923474867568482.60
923474867214350.54
923474867117747.17
923698643711765.90
924747060269958.88
925380943894177.25
925380943783647.93
925380943332079.97
929784486408108.81
930363959661597.93
933385473270905.44
933385473829983.96
934000522112421.11
934000522582364.92
935560774115425.71
935738051183808.28
935738051207920.32
935738051243871.42
935738051755489.16
935738051120141.28
937277590242427.39
938084343184182.97
938084343100446.03
938084343180733.15
938586701406131.93
938586701334291.38
938586701243201.13
938586701635703.10
938586701690069.26
939409678418914.08
939409678222101.39
939409678237331.84
941366519148233.00
941706245540249.09
944771490230832.55
944771490200802.09
944771490127707.08
945122047425290.03
945122047406536.16
947336821337014.31
947336821272667.30
947687206133650.90
947687206281667.25
947687206470583.87
949634743154448.88
949634743699663.76
949634743455233.48
949957077573009.62
951461889139634.83
952093581170380.40
952391123203556.79
952391123113125.71
952827865634162.17
953276484186745.69
953276484245088.63
953551961415493.96
954384924368355.08
954384924390928.60
955667028413788.09
955667028242603.22
955667028123226.21
955829535480776.47
955829535174092.03
957987877211754.25
958140136209319.96
958776195251793.98
964957760472876.49
964957760106816.09
964957760150699.21
964957760808742.36
965364270349460.09
965364270150507.75
965364270583539.16
967522635188449.85
967522635823860.00
967522635134046.26
969405609171658.21
978008602110137.27
978008602453278.92
978017109553071.44
978836641381430.74
978836641500781.79
980803054477961.11
980803054485070.00
981162480101259.29
981162480380792.50
981166685158333.89
981166685268670.20
981166685386308.33
982766375159735.27
982766375202763.37
982766375148177.92
982994214579066.00
982994214143844.17
982994214208593.15
984950748161401.23
984950748491797.94
986310355189068.93
986310355284440.54
986611199433428.37
986611199105805.73
986919540356222.48
986919540751869.63
986919540157106.24
986919540175185.00
988676105200403.24
988676105360262.52
990095516616960.87
992366063131430.29
992366063210090.08
992484817195065.16
992484817647953.69
992775582175903.74
992775582566828.01
993163024638030.04
993163024258623.11
993893498190252.38
993893498162182.45
993893498107789.96
995876448329542.08
996402539123435.34
996402539167295.05
997660003122658.78
997660003185573.41
997660003209934.38
997918938124659.70
998254744675092.86
998943288392709.08
