100075100357623.66
101596937782264.77
102260703602418.32
102260703346954.73
102417505372575.49
102417505231788.55
102417505334335.73
102417505123264.73
102981320316086.59
102981320163360.50
103880243735816.65
103880243139351.70
104518388757749.60
104518388102452.01
106055610687657.42
106055610157258.94
106055610188254.03
107304349164926.28
108890991174044.09
109663353286146.73
110017382157932.59
110765917780920.86
110765917132589.93
111681384168463.19
111681384464559.01
111681384113146.30
111681384415811.40
111681384262337.54
112571729165784.55
112571729149317.33
112836089199097.47
112836089333691.53
113306414641107.30
113306414121403.31
117228782406846.03
117228782820480.00
117396658287835.42
117396658169454.45
117396658487153.48
117438597318292.67
118365161128724.15
119016727521302.82
119026684919166.88
119498741114645.70
119611116429589.52
119611116117764.80
121001410324695.55
121001410774973.90
121946888149235.57
121946888253814.03
121946888121340.82
122103994288509.54
122103994182369.57
122627851832438.68
122627851835195.29
122793853410641.53
122793853103927.64
124915162403362.49
124915162256089.25
127662812176167.01
127662812714407.64
128053188142728.20
128053188464982.71
129254821370114.08
129551756385201.36
129875133679252.52
130187347199169.54
130353627106133.77
130353627396637.17
130353627105383.32
130353627647097.43
131320092161862.08
132447352244910.48
132524384113882.39
132524384104221.89
132524384319034.71
133904151105057.63
134053382172811.40
134195087172045.23
137281364365456.39
137709375626325.86
138759230166093.68
139315404400450.99
140787251904972.50
140787251174732.93
143616141492605.29
143900095124447.99
143900095367635.34
143900095279953.17
143900095211550.81
144086960353771.40
145294573744163.68
147626232146656.98
147626232345541.61
147626232259676.27
147949197427038.94
149086189311057.83
149086189224769.67
149673275432821.61
149720314181494.55
149720314136306.22
150391254326973.81
150391254200945.83
150753271540381.54
150753271791126.53
150753271622080.89
150753271679022.99
151020112154048.72
151926654100059.04
151926654547071.88
151926654211525.44
152798968489459.11
153925503367460.61
154586988636925.31
154586988539614.82
155296524100918.95
155296524225959.07
155296524445089.87
155296524238779.92
155306319534814.49
155306319235241.90
156101978141702.87
156184156202005.71
156184156485854.57
156184156164848.40
157898134253743.98
159509387222082.44
159509387689996.63
159880267467873.18
159880267377706.62
159880267155527.02
160006487324902.50
160006487685456.38
160594018364637.37
160631595643918.37
160631595142871.17
160631595102916.00
160631595143186.67
160631595771578.73
161100836265470.92
161100836199715.93
162541070321672.91
162541070122589.77
163061073328952.67
163061073220480.93
163232964228820.97
167002917568399.94
167519799130776.32
167519799131444.75
167640157105206.07
167640157201138.00
168112199109209.00
168112199914154.00
169154377158891.50
169154377233392.87
169154377353748.18
171346863131018.10
171534295748830.52
171748766351416.69
173696140167569.93
174671762104862.99
174671762248932.86
174878306138989.68
174883568113607.72
175584179678951.76
176108647637523.40
176108647289651.22
177510149235590.50
177510149205679.83
177731427694731.10
178060486105074.70
182774156863564.93
182774156804783.03
183691383651850.47
184410327385270.27
184410327137790.49
184410327376514.85
184883882209825.38
185152448136938.63
185152448193770.19
185152448102717.75
188334686111860.49
188334686158677.22
188334686118446.39
189515767337889.03
189515767107423.12
190193297556411.23
190193297374268.76
190193297103606.17
193262678911468.41
193262678139598.65
193711006216555.38
193711006101183.89
194810104275763.76
197435531361749.02
197904816688649.84
197904816432617.73
197904816231649.18
198855106463139.40
199152613484360.95
199568135122753.38
199568135103947.42
199568135723257.51
200146461122021.95
200146461399616.75
200269226223557.56
200269226413017.24
200269226772108.99
200675412350519.26
202257991256306.33
202257991170803.19
202257991261781.50
202824367377195.43
204235604516133.44
204235604113901.44
204235604385196.63
208252813927344.55
208252813690508.01
208252813139590.01
208252813144210.72
208252813172300.72
208898303115237.57
208898303116114.88
208898303232264.52
209331946383704.81
209331946176098.26
211473251431323.45
212331880383532.63
212331880151193.90
212331880129292.24
213396943921480.20
213602432228659.67
213974503836202.26
213974503206393.54
214875375297248.06
214875375426469.25
215647935104865.80
215647935119950.75
216594016421496.56
216594016130512.07
225086135225875.44
225300737148094.51
225300737186591.67
225300737128943.54
226296901268772.33
227842032404274.61
227842032202597.21
227842032219954.60
228054518200581.87
228054518204924.22
228054518189622.38
228054518185234.77
228054518152322.81
229613819225759.82
229613819141377.03
229613819688518.43
231403051808898.98
231986561402826.11
231986561516670.25
232534761126341.09
232534761162544.07
232534761314980.19
232668625137416.70
233967114107213.39
234155102706277.89
234155102106805.80
234380094168540.76
234380094116420.61
234742004363547.78
234742004168211.68
236456055101600.93
236848862106312.55
238163265184515.16
240606459127493.45
241633719100925.02
242190041623070.15
244846436207687.52
244846436107042.84
244846436151568.23
246387732113564.51
246395504509241.00
246578626289038.37
246921183166125.17
247889291134530.31
247889291163359.31
248284961559107.82
248938351110548.59
249111475241457.89
249111475147449.50
251687419563643.33
252146182207703.26
252146182143827.67
253356546157114.04
253356546514393.91
253356546265803.25
253356546150045.20
253356546100630.80
253545920480762.25
253545920412655.00
253545920668777.07
255125620337208.25
255125620393036.81
255906899583316.76
256617553191098.42
259683861142587.11
259683861267331.14
259683861583544.10
259683861250208.93
260220807544710.56
260220807560823.84
263492694180403.02
263492694104365.06
266711588390468.02
268908366100714.36
270193205414098.30
270329525150443.36
272709278306905.38
273445992156134.32
273918930151586.23
274765790145494.89
274765790185746.31
274765790173886.03
275411499417240.54
276903838598810.05
276903838184262.45
280225069524500.51
280225069140193.63
280225069270855.00
280225069407508.34
280225069734615.89
280661619187300.03
280661619133597.08
280661619159380.84
280797933178259.00
280797933682800.70
280903690614021.46
281436615277102.56
281506639619780.38
281506639138208.83
282879114169521.69
284151821349377.83
284151821103176.46
284151821157668.10
284228307467166.85
284278668637160.01
284278668180469.58
285241161899767.04
285241161523103.10
286357906818400.76
286357906733856.77
286357906113164.77
286357906159923.07
286547825573511.88
286547825161696.25
287194096550066.58
287194096577128.27
287324315668814.70
287324315201203.85
288996231562505.08
288996231489826.61
289120238627760.85
289120238634842.56
289120238550768.13
291250183351259.00
291250183269382.45
294948581375214.53
294948581454216.44
294948581600717.77
294948581478191.15
294948581749230.56
297330673797766.16
297330673855180.51
297711458157780.57
299490674100923.09
299490674227704.72
299692662356830.66
299692662312981.79
299692662200270.70
299692662280680.66
300069649123522.73
300069649787977.73
300069649207617.79
300372299469210.61
300585303454439.37
302257891352723.14
302257891509094.59
302873488354078.12
302873488118697.84
302873488240574.77
303129987174818.14
303129987255602.48
303129987781150.47
304435923815043.39
305260427420196.66
305658630318741.86
305658630135142.35
305747566192454.09
308056990190096.42
308106984138184.12
308106984242823.82
308106984628950.10
308106984899490.95
309594392314680.10
309594392179456.01
309594392559738.52
309594392443932.94
309594392392632.03
310209435143485.87
310209435444126.22
310209435248364.36
310445634140689.11
310454191551398.89
310454191118523.88
310719616321738.57
310719616109099.06
311939514464938.53
314940761156182.67
315846409108274.31
315846409200534.18
317453153436139.35
318614657122501.38
318614657442188.04
318614657201835.42
318614657305285.61
318868292865052.50
318868292379049.00
319539594578983.93
319656394216629.92
319656394526027.58
323670838103330.76
325918281302705.76
325918281344631.59
327010449272146.35
328354088132100.89
328354088562550.39
328354088113502.65
329371056108366.55
331804862153233.98
335537630571671.78
335537630102255.19
335537630319611.28
335715381671217.03
336801473509609.94
336960695289140.56
337491743160328.21
338290715160416.74
341952800169715.02
342074651314430.55
342074651456759.39
344397779311780.45
344397779129163.98
345774001119781.59
345774001281125.13
345774001167641.99
346987419300104.10
347982043316625.30
347982043298859.88
348746404423973.48
350620769148535.34
351530440263923.33
356203328299180.61
356203328589092.83
356401591529117.31
356708742445015.21
356708742239235.76
356708742289758.08
359988945280835.93
359988945834692.78
359988945365220.56
360321320100035.45
360321320333479.11
361194255330089.70
363593682458266.57
366650656170538.46
366650656150256.31
366650656663640.90
366746235160865.54
366746235118635.65
366746235101687.26
366746235158419.83
367999686310673.83
367999686321021.00
367999686549779.95
373137581293010.10
373137581115734.66
373137581179353.88
373471525104120.62
373471525100954.38
373740433196734.39
373740433585714.08
373740433203088.43
373777889322320.22
373777889435595.91
374363533681670.47
374363533433731.00
374363533329661.45
375468241225381.46
375468241486810.38
376923868124654.32
376923868254042.16
378162833119708.96
378330817313216.08
378772748103438.54
378772748197668.01
381543660490005.17
381543660401201.12
381543660147340.36
381543660233282.76
381543660221576.26
381816324340590.05
383373004505938.53
383648179328474.20
383648179842338.82
383648179118651.42
387186313551915.44
387500606481265.86
388303403258270.45
388875201671519.51
390209274739192.56
390209274584585.09
390209274780954.86
390772134445544.26
391123961173056.18
394019296179568.19
394019296255199.20
394188633345477.06
396829952361510.72
396984280428384.60
396984280112991.44
397308858407346.92
397308858429611.87
397308858301160.35
398336007102613.37
401214573632790.58
401214573411214.80
402010932139443.15
402889444250756.46
402889444233935.46
404175752364805.99
404967312285218.99
406053005139786.02
406053005204392.23
406053005164884.85
407116351432272.04
407116351255278.08
407116351188514.01
408354382283183.94
408354382461976.73
408354382239201.74
408575433156766.85
413082880240248.61
413082880722828.25
413082880204068.39
413082880468790.24
413082880379051.88
415945167198741.14
416461717468107.40
416461717573109.70
417123406191219.48
417123406212906.51
417123406114285.70
418405168562983.03
419600217153775.12
420541052436139.84
421251419356523.17
421251419141029.06
422294374244079.88
422294374260190.59
423485116114709.28
423485116173280.25
424293071292904.78
424293071665976.96
424293071209593.62
424426699616852.61
424426699230485.95
425263826313536.04
425836396124025.85
426198015345067.05
426827475154264.70
427023543348574.56
427653658129774.61
427653658589497.59
427653658102622.54
427992830253741.29
427992830474808.02
427992830156007.42
427992830137723.87
428026116603109.80
428026116145016.01
428026116107822.34
433249952304421.06
433249952102075.96
434306159297617.15
434306159335454.48
435830994404486.84
436541345277170.79
439202619421270.98
439815013170637.83
439815013118746.02
439815013494247.85
444632472246947.45
446572198583142.29
446667759202403.11
446667759198721.69
446667759113348.20
450033863210937.10
451898397116347.57
452907513148007.23
453124762735227.83
453124762226754.42
453124762195319.64
453945758226335.07
453945758650126.26
453945758516480.86
453945758286552.35
453945758144125.96
453945758179231.83
455563512434715.00
455730993230581.92
455730993119283.02
456871046317037.00
458314948541717.16
459758995386805.18
459758995578686.65
460129470278485.56
460129470112511.93
460384223234764.75
460581703166430.49
461009699428904.41
461009699248249.55
462462168148036.07
462764033218807.96
465082059116119.42
465082059136224.67
466227501164434.07
466227501600649.76
466227501105602.83
467196963899572.36
467196963509789.21
467984196784444.70
468868295229676.91
468868295166071.55
468868295277027.27
469457644298502.45
469457644197671.56
469457644595325.46
469670122362846.04
470045158273298.65
470045158185678.55
472446118554978.99
472672595361588.44
472672595158781.91
472672595281352.85
473901580388751.10
473978837132327.26
473978837302096.61
473978837215018.98
475728122162640.19
475728122217104.68
476077303177815.53
476386452403704.98
476386452429515.45
476386452425130.29
476386452321646.71
476873067879921.82
476873067162426.49
476873067237691.30
476873067196923.35
477127591350640.12
477605614188688.55
477605614179362.48
477605614154834.06
477743286107961.91
480704953659444.93
486364990110649.46
487578976222660.84
487578976123149.77
487578976234075.95
488775063224062.40
488775063310439.78
489537808341406.82
489537808514033.57
490775374110298.46
490775374192233.97
490775374274356.98
490775374102138.36
491246623159274.69
492413974478146.78
492413974489298.42
492413974388624.62
492413974531190.58
493683428949283.74
494404564105725.78
495390908235905.67
495390908843402.92
495390908237749.17
496863696179011.17
496863696133255.27
498112669435642.75
498143404639982.53
498143404131908.86
498548222108374.10
498548222269650.42
499053599141553.00
499283581330981.51
499467860679104.81
499467860516614.51
499467860449522.75
501158925130892.03
501284104673164.13
501284104241408.87
502176650128327.04
502176650141701.88
503122533444803.60
503832403292779.96
503832403464877.16
503832403254131.25
504584172219979.57
505731999114119.61
505731999232327.79
505967417116918.40
505967417498474.42
506140362170330.62
506140362687723.05
506140362172968.99
506460140353181.84
506460140484065.95
506460140262236.00
507517153350975.01
507517153141763.04
508251419237839.16
508739487166310.84
508860646532542.63
508925718333377.57
509446156137882.31
510037513444062.21
510064144653929.33
510064144110623.00
514855712554623.29
515516619628364.69
515516619618526.29
515516619293673.76
515516619387743.13
515516619373135.58
516257727135298.00
516257727276976.48
516257727124672.95
516421257387450.67
516421257538024.30
516473646715893.00
516473646525657.65
516628786393434.65
516628786459787.00
516628786601202.72
516628786183968.34
516628786497122.46
517678399350289.57
517678399265236.26
518109934366998.34
519289907292410.73
519289907599047.35
520080558319124.43
522078050583979.92
522078050278480.24
522078050246494.58
522274769222519.40
522284048728421.25
522284048179042.71
523628542537137.64
523628542112647.86
525252585169414.67
525252585593849.04
525361683391280.27
525446383396374.84
525926278470577.85
525926278100003.18
525926278949041.27
525926278254407.30
526668130495101.49
527367550119983.19
530289161442137.17
532472558163904.55
533201440326379.82
533201440233808.47
535091207104784.01
540275431248440.40
540275431421634.46
541413187325755.45
544397782142605.81
544397782288627.47
544528724142506.72
544841969363803.21
544841969469878.90
544841969163665.80
544841969458160.43
544841969520296.76
544841969260398.00
546254123353434.80
546932506181217.68
546932506146828.66
548395241891535.51
548395241163682.95
548481212448913.06
549243175507126.03
549243175130042.83
549249535149603.88
549249535217164.81
550392053402124.07
550392053116434.89
550920165226894.57
553656369109095.78
554268365155360.37
554268365275079.27
555401971103256.82
555401971317297.47
555401971225989.66
555401971136454.96
555401971231283.58
555790640339868.27
555790640516575.29
555790640322133.72
556537470449509.26
556605206504494.90
557278620176976.68
559506176126920.13
560162315333253.04
560672299219161.29
560672299808230.79
560802817739823.97
560802817129391.85
562382583288797.10
564477851351552.10
564933553181569.87
564933553140576.56
564933553152448.16
567139088102039.85
567139088124586.70
567218651214334.67
567979109105038.18
567979109354575.10
568079403401254.86
568079403626295.03
568121813189502.05
568121813132509.97
568750929125999.58
569486726382612.19
569486726194459.25
569486726624232.21
570950541455454.25
571264525436404.99
571264525418771.94
571264525517769.60
571352753220227.14
572804719161479.14
572804719174861.98
572804719197486.34
572884241524777.51
572884241214804.70
573070853372129.23
573070853302632.83
573251199130568.07
573251199292878.11
573251199417847.29
573573263361429.16
574605206356254.75
575858400552461.98
575858400176452.65
576488475241517.20
576488475136098.96
576637740542011.11
576637740671668.62
576637740134091.82
576952335102324.42
577091859176249.39
577091859330901.39
577091859107399.00
578256628100644.17
578299020110765.20
578299020119091.59
578677978258650.82
578677978333249.42
578677978135281.07
579716532200848.70
579716532276181.82
579977556188905.60
579977556264354.78
579977556114420.70
580510726766271.20
582433833416924.90
582433833913050.45
582433833305710.59
582457800103047.92
582457800272955.95
585432648325213.77
587327921574346.99
590474012164423.89
591134335121349.50
591566736319990.16
591566736133093.71
593634266141358.27
593634266474900.75
593634266747860.68
593771725608125.13
593771725307318.81
593771725126509.90
593771725127911.56
594043398225784.76
594043398207292.21
594324319222566.52
594324319190044.72
596116932312328.59
596735948643410.15
597173782341809.18
597173782142378.40
597280119417690.73
597700047227580.17
597700047115772.73
597961118102326.18
597961118240084.72
597961118573048.38
597961118592031.01
599149683413023.33
599149683247802.01
599149683187532.49
599199529295748.83
599199529113676.88
599601333234942.13
599601333404022.83
599601333250167.87
599601333374967.24
599814919107943.56
604314812337104.59
604314812660809.18
604314812439179.91
607682491238467.02
607784672109969.62
609956325129452.55
611824131108227.65
611824131753635.56
612217407307592.47
612217407851538.70
614168147195695.95
614168147398813.44
616044848120632.82
616318415178943.80
616318415218957.62
616318415123759.67
621018422285892.42
621333885147963.00
621333885477841.95
621435036188745.65
622018493232944.40
622018493110373.18
623544731118989.73
623544731194014.55
623544731139130.99
624782179435376.69
626305925378315.98
626305925491231.62
628095494321379.68
628095494270946.14
629853331152256.54
631229305162179.40
631987283248530.77
631987283153979.33
631987283406744.52
631987283112480.85
632295008391050.75
632295008372810.21
632481654434856.23
632481654100279.00
636087692307720.06
636087692301580.20
636087692651096.92
636087692117816.26
639106352429912.77
639106352405329.36
639863652495530.90
639863652196016.13
640296389405323.39
640296389580530.76
640296389164938.05
640296389212497.97
643780731178593.19
643780731290537.23
644375478469425.96
645171319728930.62
647684066466567.87
647684066660447.98
647684066499412.20
650616593584026.13
654751100214892.71
655015427182910.75
657572634106712.94
657572634390025.94
657572634499934.41
661371803565045.82
663099628619466.38
663099628224293.82
663099628430288.46
664704523135692.39
667125327217915.23
668975990336091.13
668975990205555.47
669330235214171.11
671538009501986.44
671538009269859.80
674252723246718.62
674252723132534.32
674269389296077.54
674269389164789.83
680853772528511.36
680853772205049.97
680853772381058.88
680853772499935.00
683783421113204.56
687051228181582.67
687844703130541.17
687844703325969.23
687844703159604.62
687844703464454.40
687986102260112.50
688934511759692.16
689530017119666.00
690445256126721.45
692813473136717.81
692813473663100.58
695721158540155.27
696737516327701.16
696762410249653.46
697268393555268.95
697268393271249.31
697268393226393.59
700404816275318.26
703509375116058.03
703711397461287.33
703711397428532.07
703711397139978.65
705077862262289.34
705077862284341.18
705077862122022.04
705077862523083.46
708860887591412.38
708860887125415.16
709632903654237.48
709632903360300.63
709753591236399.68
709753591818424.00
709753591139904.39
711042412321217.62
711042412362610.00
712104267100354.55
712104267178366.00
712686604276406.07
715079332331865.21
715079332308393.83
715155736252044.26
715155736152967.84
715745746533177.42
715745746429747.23
717732308226049.45
717732308543820.33
719921851251027.02
720978012115864.68
721700362131740.32
721700362339986.42
723153061190929.08
724554875111916.55
724554875103057.14
724554875162255.13
725651968475597.24
725651968241050.03
726536216118632.71
727460616538912.66
727460616182496.25
727460616137065.96
728066349100362.99
728290540213083.40
728419424332627.40
728419424473230.55
728581698225313.68
731333851179166.77
732987378619310.19
732987378163495.24
732987378260492.01
733212816303972.31
733279489272332.37
734534344124288.36
735952744203140.50
736105066144426.37
736105066149504.86
737774362555202.81
740892337108579.88
740892337146469.02
741418570431498.93
741418570100216.66
741418570106934.22
741714598102721.74
741714598153200.11
741714598221997.01
741714598104682.34
742107910384216.29
742107910140320.85
742107910382984.24
742107910158150.27
742456291784331.74
742456291168278.54
742456291140687.30
743582967224101.13
743582967423460.54
743582967438929.06
743605154232394.71
743605154202447.68
743702952498246.05
743702952215073.58
744080844120755.85
744080844213422.09
744080844249502.38
744111618415024.17
744719160382463.55
744719160237415.07
744719160259134.00
744886514307942.54
744886514440474.54
745820413137541.38
746772132155781.41
746772132180153.27
746772132109283.76
746772132192317.52
747484841184076.78
747484841268660.75
747484841111177.78
749024226131807.62
750482494447473.36
751107410311566.59
755416563243990.83
755416563569491.59
755416563626933.30
756409715251657.65
756409715365871.25
763126179100079.85
763126179727680.33
763126179351764.01
764284963258909.86
764284963632042.04
764423530140851.48
764766950375405.84
764766950206619.27
764766950101485.12
764766950187053.79
766272564638572.63
766272564108406.38
767090797174923.36
767090797581529.49
767090797161687.16
767090797400727.69
767923546101107.98
767923546279353.86
768760990399245.00
768760990129178.87
771243486246410.15
771243486388911.52
772027421322154.24
772027421555408.29
772027421177102.55
773686797548352.38
773686797137247.65
773686797260149.41
773686797260915.60
773686797163453.60
774369338244308.29
775647608103773.02
775647608501950.33
775854690189264.68
776612198372130.11
776612198158924.94
779898477885653.46
779898477263810.61
780307713114681.45
781466316221788.10
783558945157160.51
783558945236606.51
783558945247696.18
786411085358523.70
787277561340640.51
787277561248638.27
787448057485154.49
787448057299733.19
787760922378693.09
787760922156417.34
788376313138624.26
788376313478492.85
788447113110484.28
788447113213304.47
788874963283108.31
788874963485443.94
788874963257256.47
789835972397977.08
789835972184611.28
790352185372176.01
792126435244740.82
792368394124763.53
792368394729893.81
795096195118771.92
795096195363743.71
795453330409874.38
795878382357310.04
795878382401127.49
796309849262120.75
796309849157546.13
796309849201413.39
798927628157494.96
798927628301551.70
799353999251443.23
799447416112207.62
799447416605682.39
799493037118254.22
799493037719070.22
800263855291518.15
800263855327428.15
800263855743644.84
801071882314099.45
801071882145166.87
803192777337417.93
803192777701957.97
803192777229450.17
803824523637489.24
803824523122847.98
803824523239122.01
803824523100505.95
803824523387004.49
804704037360132.43
804704037224325.56
804704037483544.79
805107938715311.05
807200119563906.69
807200119241287.58
807200119506320.55
807653867226103.49
811375238239560.45
812342285171199.07
812469877396586.89
812469877333936.52
813061542252288.60
813061542238448.17
813061542525816.07
813061542117250.46
813920518687607.89
815870915254802.50
816562775127107.70
820522612411605.59
826458235203951.58
826458235269626.02
826458235604726.51
826458235283161.69
826458235102235.03
827692583140113.58
827936539542574.21
827936539103082.93
832048507537950.25
832048507540276.19
833786644248595.21
834417306357791.41
834417306167337.97
834417306228539.55
834417306363334.88
835653081269878.82
838038767933827.58
838038767165290.70
838038767518536.54
838038767636496.50
840052418726649.05
840052418759978.68
842240339120398.69
843039617874365.89
844946410180507.32
844946410127710.83
846251855133727.67
846251855114069.79
846251855118990.02
847566961187978.67
848425763185602.98
848425763265430.52
849037548340127.11
852391417138952.10
852391417145111.76
852391417870402.51
852391417185342.30
853800531395354.62
853800531483843.22
854673599165799.22
854673599281377.23
854673599380958.11
855602001435802.63
855602001161117.10
858096665107953.58
858096665403930.72
858096665595327.78
858619365107271.78
858732508265293.81
860583046317558.73
864088029680024.25
865845907858094.19
865845907116175.30
865921924128403.22
866362412170240.62
866362412221583.39
866362412509686.53
866362412878914.06
870308841234081.21
871029659691813.96
871712010752221.47
871712010631500.00
871712010216718.92
872643567329491.38
873983543278220.38
873983543256006.87
873983543544380.91
873983543387084.85
875501767209236.64
875501767167162.55
876982608106792.36
877735379177383.99
877847577122203.99
877847577492126.49
878061989461778.01
878061989910359.27
882053089349463.38
882053089549939.70
882053089225985.73
882234971145641.61
883906066482933.11
884259656462164.66
884563373184142.78
884563373348718.88
884826319260067.32
884826319290243.39
885514539200089.09
885514539201637.97
885613601114733.76
890755827151030.28
890755827159329.45
890755827230416.31
891172890272210.11
892000970350523.12
892000970163164.79
892000970306680.04
893082188289512.85
893082188195426.18
893082188551745.52
893082188267346.87
893441803134062.28
895334626312219.80
896018940100721.78
896018940140678.10
896018940275416.98
896259087379434.59
896259087192124.17
899424928159282.59
899424928307093.87
899424928399205.19
899424928669872.11
899424928186473.38
901355839380085.67
903491103676404.68
903491103108104.05
903491103125710.53
905095305290318.26
905129322781607.92
905129322144970.05
905129322571123.42
905129322181846.43
905207705404972.10
906471339351706.03
908450089382004.82
908450089367077.81
909570481108248.63
911398268108836.25
911398268396450.25
914557218472111.72
914557218393746.26
914557218851647.89
914803330577742.10
916303780473709.12
916303780132102.66
919465042579623.80
919465042252999.16
919783045552602.45
919783045145687.47
919783045387179.65
919783045143669.72
920265619202361.25
923474867183330.17
923698643123141.42
924705809573066.65
924705809289934.83
924747060327002.92
929784486105615.64
929784486169232.93
929784486590922.16
933389717147971.31
933389717251299.12
933389717164306.44
935738051124863.25
935738051176244.38
935738051462577.00
937277590350477.96
938084343211259.61
938193381354503.63
938586701427757.82
939409678656852.79
939409678106858.02
941366519255370.54
944771490163840.34
945122047119888.61
945122047334921.47
945122047161793.64
947687206124199.09
947687206505919.87
947687206151399.13
947687206112031.61
947687206491590.09
948481987108147.66
949634743139382.54
949957077494418.86
951461889122577.45
952391123500846.20
952391123171513.78
952391123516442.78
953276484473543.76
953551961620182.29
954384924177235.91
954384924378857.95
954384924445851.41
955667028189107.07
955829535302013.73
955829535541909.45
955829535334692.60
957725074313995.81
957987877104093.33
957987877209521.07
957987877364320.27
958776195227120.98
961832280158888.65
961832280476359.80
962693075125297.13
962693075359074.51
964957760384828.87
964957760470697.33
966461342186105.07
967522635281367.47
967522635158859.28
967522635179523.48
969405609178024.43
971155310106649.90
971155310466852.11
971155310286536.08
978017109521078.80
979709064195498.35
979709064420722.80
979709064125756.47
980803054126540.51
981166685479284.34
981166685294601.25
982766375150178.38
982766375220731.10
982994214382272.12
982994214438150.91
984950748120400.05
986310355131121.82
986919540230985.63
986919540360767.59
986919540119438.44
988676105175744.57
991842459667684.43
991842459206309.53
991842459246588.07
991842459282835.64
991842459373858.98
992366063439437.81
992484817201211.43
992775582688395.94
992775582100698.73
992775582183924.94
992958791697007.28
992958791375938.56
992958791359711.62
993163024480394.57
995876448152329.07
996402539132007.02
997660003732352.50
997918938304687.89
998254744255912.75
998254744328726.90
998254744177291.05
998943288180811.70
998943288527308.96
998943288104027.23
998943288397324.10
998943288679941.05
