100075100446479.27
100075100131314.31
100803031152417.53
101156577503261.77
101156577452479.16
101596937533138.66
101596937387664.25
101596937455765.15
102260703219268.57
102260703533356.43
102417505177410.99
102981320152465.97
103880243184939.91
104518388258142.77
104518388466181.30
107019140203832.90
107304349156777.06
107304349222088.45
108262806308214.64
108262806375719.89
108890991251957.18
109663353192402.29
109663353592902.83
110765917144096.28
111374881105937.07
111374881302554.72
111374881163107.10
111681384288612.26
112571729127905.72
112571729663825.78
112571729345749.43
112836089167245.71
112836089811250.79
112836089567072.53
113306414396417.95
113306414133427.35
113306414188309.69
113959481100665.69
117228782139600.92
117228782766886.58
117396658222803.54
117396658152470.64
117438597155295.48
117438597726431.57
118365161421345.99
118365161214351.02
119016727251875.37
119016727119068.70
119498741592132.69
119498741465119.57
121001410175473.79
122103994127251.72
122627851462064.59
122627851806807.11
122627851415066.90
122627851171285.48
122793853343020.07
124915162137511.78
124915162447379.36
124915162494115.08
124915162142553.27
124915162154679.18
124915162696251.18
124915162165127.43
127662812124753.09
127662812158688.54
128053188289144.78
128053188561339.33
128053188227132.17
129551756936483.07
129551756108275.60
129551756295044.29
129875133100621.25
129875133246046.00
129875133461293.36
130187347159736.33
130187347367877.30
130187347511140.58
130187347122268.36
130353627227337.07
130353627349206.44
131320092143622.08
132447352112104.94
132524384172403.65
133904151431862.25
133904151362650.40
134053382100082.31
135196155209203.59
135196155479577.52
135196155324404.19
135833912248803.66
137281364138140.59
137281364268767.18
137281364444634.09
138693034105527.13
138759230369643.55
139315404102338.94
139450583358730.00
140787251746815.91
142695573405284.24
143213151232772.37
143213151572740.74
143213151293525.70
143616141159240.87
143616141269768.41
145294573152406.25
145294573510131.05
147626232151747.51
147626232246931.80
147626232401844.10
147626232169723.81
147626232139636.26
147626232515828.56
147626232425323.97
147626232311152.04
149086189162897.56
149086189504465.23
149673275376002.81
149673275540246.36
149673275559570.13
149720314420877.83
149720314360094.80
149720314384931.14
150753271739087.57
150753271207788.81
151020112602757.48
151926654313401.79
151926654448082.81
151926654174324.51
152798968104068.72
153925503111699.73
153925503101729.33
154586988106962.07
154586988773737.82
155296524297014.35
155306319287869.80
155306319120523.76
156101978662895.61
156184156292131.75
157898134161674.54
157898134595688.31
157898134196661.96
157898134108519.71
159509387128178.64
159880267298634.61
160006487100887.63
160594018895945.55
160594018198483.59
160594018124764.42
160631595564831.74
162015601866118.64
162015601170951.29
162015601177745.69
162015601102100.73
162541070116728.23
162541070636842.37
163061073155258.60
163232964382936.02
164904976178200.42
165258260226931.21
165258260457129.55
165258260507896.20
167002917109883.84
167002917353950.19
167002917310382.81
167002917115495.60
167519799241765.06
167519799411619.08
167519799102829.00
167519799230942.49
167519799131785.44
167640157664006.43
167640157179674.64
168112199625207.78
168112199180959.90
168112199284737.31
169338279124052.53
169338279191422.53
169338279129987.00
171534295720658.15
171748766505790.74
171748766114690.91
174671762209891.69
174671762119967.67
174878306118300.85
174883568328891.82
174883568213577.77
177510149414270.50
177731427356804.84
177731427526635.20
178060486121944.29
178758666318543.89
178758666270470.14
179762367515415.64
179762367195854.98
182774156257978.08
182774156206012.86
183691383658924.30
183691383558658.60
183691383122539.73
183691383110913.34
184410327139418.95
184410327463610.85
184410327243962.80
184883882193417.55
184883882100696.69
184883882188872.48
184883882342347.22
186382757252679.15
188334686206030.43
188334686380706.40
189515767192521.83
190193297129597.22
193262678166336.52
193711006125966.18
193711006129101.00
197435531258377.31
197855977204486.35
198855106216571.65
199152613322255.63
199568135500848.38
200269226387021.50
200675412294843.10
202824367371596.79
202824367193891.42
205373035134296.75
206331108165170.13
206331108543332.70
208252813633907.27
209331946641237.15
209331946284132.60
211473251262005.31
211473251530498.18
211473251120638.46
212331880156115.49
213071140431689.92
213071140120760.34
213071140770838.01
213602432456361.90
213602432809820.44
213974503961959.51
213974503375773.82
213974503224779.42
216594016631334.09
220072911431512.29
220072911113189.42
225086135123052.32
225086135267343.00
225300737573115.48
225300737171432.16
226296901870454.91
226296901168407.91
226296901164593.04
227024004408170.16
227842032124177.93
228054518351475.09
231403051142577.59
231986561399705.99
232534761242381.88
232668625107657.01
232668625493042.00
232668625103184.91
233179776719079.99
233179776209512.46
233967114276397.20
234155102130966.41
234155102323320.59
234380094182957.91
234380094140395.53
234380094164790.58
234380094401457.86
234742004617243.63
236848862447452.82
236848862216204.26
236930781298199.46
236930781643828.47
236930781265603.44
241633719726072.49
241633719648579.77
242190041609916.63
242612545159813.71
242612545577954.00
242612545383953.64
246387732480999.18
246395504265585.60
246578626770143.26
246921183280541.30
247591311575700.15
247591311350411.47
247889291224947.00
247889291557624.43
248284961339334.59
248284961555103.95
248284961394238.77
249111475712062.11
249420279350816.47
250189385126530.34
250503993707707.37
251687419444494.19
251687419100692.84
252146182803364.87
253356546119960.66
253356546521384.82
255125620188208.45
255125620462733.96
255906899231563.79
256617553473146.07
257911652430329.00
257911652106055.33
259683861477361.72
260220807283405.31
263492694120238.65
266312721193418.77
266312721607359.97
266711588462691.70
269437650360700.35
269437650157480.78
269437650171268.11
270193205593830.03
270193205327090.51
270329525434034.38
270329525116861.89
270329525453357.45
270329525377085.77
272709278982203.72
272709278307540.61
272709278172516.54
273445992551953.20
273918930311996.31
273918930226566.49
273918930236159.90
274765790291964.03
275115779198784.06
275115779778362.20
275115779122585.07
275411499700659.83
276903838249258.99
280225069102058.29
280562852149355.00
280562852428093.29
280562852555804.76
280661619220468.42
280797933375227.43
280797933601983.65
280903690598864.05
280903690138032.98
280903690461584.32
281436615641881.12
281436615294329.88
281506639110739.98
282441191222190.89
282441191249843.94
282441191133237.95
286547825228140.98
287194096934823.31
287324315300310.01
288996231131451.48
289120238150844.33
297711458143470.97
297711458402577.88
299490674904414.25
299490674880490.51
299490674274016.40
300372299126566.90
300372299303252.79
300585303574539.83
302257891112875.44
302873488161563.28
302873488501008.00
305260427139955.84
305260427181961.85
305260427179051.98
305658630325684.27
305658630120930.81
306920818224203.78
306920818504444.48
307552687123846.49
308056990530919.95
308106984710063.11
309594392101274.24
309594392911922.23
310209435322423.40
310445634233430.86
310445634585402.04
310445634665140.57
310719616474922.19
310719616118974.73
311939514566340.77
311939514598704.49
314940761121617.43
315846409719164.45
317453153153371.29
318614657137988.71
318868292295513.49
318868292256969.32
319539594288009.48
319539594379157.03
319656394375061.65
322087967312539.50
323848130211291.91
323848130325235.76
323848130105849.36
325918281200182.92
325918281229553.26
326213588304305.90
326213588119888.11
328354088176232.18
329371056140276.02
329371056119910.82
331804862401923.34
334193213171780.33
334193213247156.05
335715381454221.57
335715381228491.52
335715381183998.03
336801473105409.85
337491743569517.63
337491743534616.27
337491743229037.03
338290715625926.14
341952800823461.08
342074651237724.94
342074651155535.30
342074651319463.07
342074651921084.72
342896477251960.54
342896477898513.92
342896477514921.04
342896477185155.71
344397779516164.80
345774001173379.15
345774001414212.27
345774001174026.83
346987419228366.19
347564606827290.58
347564606169458.89
347982043126282.71
347982043371334.19
348746404108550.19
348746404511904.62
348746404123715.13
348746404397143.95
349996174260019.38
350620769176429.89
351530440299485.32
351530440356474.72
351530440118316.61
356203328297540.10
356203328217938.83
356401591100253.97
356708742145031.05
356708742118315.30
356708742194951.47
359988945416412.82
359988945120318.75
359988945477735.19
360321320570225.59
360321320134122.38
361194255249987.39
361194255654344.00
363393550416996.82
363393550144261.30
363393550251008.97
364950395173466.81
366650656305495.72
366650656125137.52
366650656630547.42
366650656209919.82
366650656229870.00
366746235112069.22
367999686363567.11
367999686136731.18
367999686228361.08
367999686162009.00
373137581640081.88
373137581624342.19
373471525319735.36
373471525342415.26
373471525249358.27
373740433287721.13
373777889608710.97
375468241430988.91
375641375225182.66
375641375260189.72
375649427192798.39
375649427431629.49
375890823324831.03
375890823685691.76
375890823204929.53
376923868110252.10
378162833218461.40
378330817732287.78
378330817256867.49
378330817143937.88
378330817124362.46
378497248127866.09
378772748342311.67
381543660235492.57
381816324103489.68
383088531496016.92
383088531115316.56
383373004204806.29
387186313131282.38
387500606286675.76
388235755101715.16
388303403227768.96
388303403257057.77
388875201449825.56
388875201100445.81
390209274300202.55
390209274128029.69
391123961408986.43
394019296292779.88
396829952443398.50
396829952264941.63
396829952687354.04
396829952106641.28
397308858536915.09
398336007599690.81
398336007382521.95
401214573307276.37
401214573139206.34
401214573554744.21
402010932159956.44
402010932362698.62
402889444111180.47
404175752362789.94
404175752808988.38
407116351568319.93
407116351164053.65
413082880117037.11
413082880869091.28
413890988189675.59
413890988218639.92
413890988129436.48
415625092215579.19
415945167207715.34
415945167814506.91
416461717189241.84
417123406498595.68
417123406126969.57
418405168100620.69
418405168237937.57
419600217128578.87
419600217226652.92
420096621125316.80
420096621161037.84
420541052693781.62
421251419377057.14
422294374156756.76
422294374385574.19
423485116143334.78
423485116224458.62
423485116158957.94
424426699235293.29
424507928275986.85
424687486729680.65
424687486150517.11
425836396276774.87
426198015667740.63
427023543380349.63
427653658154048.17
427653658199748.32
427992830493534.67
428026116399884.67
428026116418630.79
428026116139948.93
429444957297931.47
430429762411890.49
433249952279052.98
433249952319003.74
435830994366564.90
436541345189726.35
436541345800393.35
436541345266451.36
438571031474174.22
438571031873591.05
439202619688767.51
444632472296112.28
446101021551869.22
446572198707149.46
446667759685474.40
450033863117624.42
450033863103246.63
451898397527710.97
451898397234663.80
452907513308528.17
453124762166908.72
453124762399722.50
453945758147395.00
453945758182718.33
455563512642597.73
455563512273158.91
455730993234031.34
456482293527445.43
456871046277591.30
456871046309683.07
458314948204594.53
458314948265357.35
458314948136333.54
458314948134980.40
458889106176245.32
460129470361416.46
460129470630648.23
462764033222705.51
462764033272637.34
465082059342680.62
466227501222441.51
466227501188331.98
466227501428449.46
467196963135655.57
467984196310932.46
468868295104859.51
468868295515045.18
469670122422624.96
469670122587483.09
469670122182029.71
470045158202432.69
470045158169903.29
470045158266281.59
470045158845706.15
471857970143888.46
471857970416986.53
472446118533750.62
472953771112066.66
473901580763274.42
473901580438015.60
473978837700711.81
473978837712631.08
475728122514340.48
476077303159178.29
476386452237675.91
476386452290542.86
476873067194758.45
477605614288865.78
477743286215430.55
480704953109230.44
480704953135817.82
480704953198833.39
485170462172944.71
485692569336229.83
486364990514820.65
486364990230069.09
486364990683147.66
487578976321162.09
487578976232984.13
487578976180778.17
488775063443877.77
488888112350677.54
488888112113852.73
489537808164153.11
489537808285276.48
490775374394601.37
491246623112879.97
492413974364688.75
492413974314667.03
493683428840607.98
493683428184480.07
494404564480183.59
494404564675559.57
495390908390055.61
495390908122734.99
496808525209051.29
496863696647581.21
496863696279085.05
498548222112915.66
498548222588526.20
499053599179717.70
499283581236078.00
499283581216356.78
501158925551679.36
501158925239192.96
501284104107972.63
501284104119967.42
501284104527193.14
502176650384311.70
503122533755242.54
503122533264102.62
503122533100248.12
503122533400203.89
503832403346552.53
503832403249613.19
504584172166090.40
504584172129753.28
505967417153396.58
505967417570418.99
506140362596536.11
506460140686192.37
506460140235506.48
508251419104187.00
508251419294710.56
508739487563739.28
508860646386703.07
508860646310173.69
508925718374596.03
509446156125972.75
509446156208873.95
509446156208331.65
510037513815480.38
510064144646323.56
510064144745003.35
510064144105531.93
510332426231078.87
511077882475780.69
511077882121027.99
511077882103040.80
511077882724630.99
511077882493398.62
515516619183007.17
516257727160991.73
516257727471265.88
516421257171255.20
516421257854060.69
516473646100292.14
516628786299513.72
516628786322586.31
516628786112904.47
518109934279224.30
519289907283198.09
519289907322811.45
520080558284458.29
520080558328890.90
522078050401671.58
522078050228340.62
522284048113609.71
523628542220592.87
523628542128377.42
523628542205495.31
525446383317287.92
525926278156468.35
525926278211567.83
525926278369569.36
526668130424938.90
526668130287549.44
526668130463261.37
527367550368751.51
530289161451098.11
532377979298131.00
532472558628016.22
532472558207182.56
532472558259898.09
533172258148763.49
533363124649060.59
533363124121758.85
535091207133184.95
536388893550453.92
536388893140967.39
536388893207793.55
536388893315007.71
540275431677301.33
540275431108201.71
541413187122011.21
541413187721293.70
544397782251147.11
544397782188708.19
544528724572540.58
544528724317308.30
546254123703032.70
548129152460070.21
548395241118455.05
548481212105062.71
548481212431692.69
549243175147726.76
549249535249384.77
549249535111742.15
550392053127059.56
550392053114905.07
550392053405514.54
550392053649472.00
550920165105562.87
550920165151043.41
550920165156612.98
553656369267414.92
553656369473303.21
553656369158007.94
553656369240909.65
554268365194317.23
554268365479947.79
555401971331624.24
555415591233053.75
555790640487523.26
555790640113136.62
555790640254161.13
556537470107346.81
556537470977499.18
557278620210558.12
557278620525534.81
557278620286211.21
560162315753316.72
560672299125706.88
560802817854420.56
562382583168903.03
564477851519119.82
564933553631015.41
564933553426538.35
564933553237401.11
566125962177783.66
567139088165013.68
567139088138842.65
567546933874328.32
567784105166504.05
567979109171155.19
568079403339930.93
568079403324940.78
568079403337479.98
568750929280409.57
569486726158746.96
569486726210412.24
570950541238853.48
570950541159125.50
571264525422787.27
571264525177997.36
571352753155447.79
572337884153116.92
572804719183364.51
572804719211960.39
572884241101887.33
573070853496746.38
573573263113430.00
573573263161677.75
573573263287221.33
574605206432118.86
575858400214177.81
575858400204369.53
575858400290629.46
575858400101627.52
576488475182163.66
576488475138790.61
576637740395958.59
576637740228766.43
576952335124538.59
577980947154977.72
578256628195144.80
578677978104213.77
579716532122535.25
579716532194886.32
579977556319500.37
579977556222480.49
579977556223427.53
582433833105252.98
582457800212264.23
585432648181402.01
589037736308980.42
589037736510262.68
590474012116539.28
591134335199474.99
591134335288377.06
591134335349486.85
591134335227603.92
591386815109032.61
591386815140162.69
591566736789129.37
591755775204296.54
593771725239088.47
594043398134591.26
594324319220787.92
596116932104906.09
596735948102621.29
596735948417420.58
597173782164361.33
597280119440331.99
597280119247342.68
597961118597314.49
597961118205332.20
597961118113689.37
597961118105980.90
598188631606143.94
599149683545088.89
599149683784505.47
599149683263739.36
599149683463511.39
599814919192031.87
601866754557066.47
607682491100434.41
607682491138577.85
607784672292631.53
609956325223526.58
609956325643663.90
611824131405481.43
611824131367283.34
611824131523354.50
612217407192920.94
612217407290787.09
612217407264000.38
612217407197448.38
612217407113360.43
613510744132671.60
613510744129939.32
613510744379504.62
616044848136101.84
616318415295247.16
621018422411450.58
621333885385235.21
621333885125803.76
621333885493360.85
621435036227716.52
622018493185080.80
623544731160678.02
624782179106656.00
624782179188351.89
628095494887347.27
628095494173509.14
629853331194223.25
629853331242608.19
631229305110092.64
631987283117589.30
632295008158544.83
635752965241042.10
635752965223150.71
635752965100136.66
635752965380215.08
636087692372554.70
636087692382090.58
636087692116928.70
636087692253096.94
638323057300415.95
638323057137756.88
638323057261529.56
638323057146281.09
640296389302803.09
643780731252050.75
643780731368038.27
643780731268613.92
643780731860954.14
645141474194818.87
645171319329321.73
645171319488001.48
645171319591547.69
647684066178250.15
647684066355984.92
650275710114675.40
650275710664957.33
650616593892012.33
650616593140311.90
650825130162686.10
650825130134435.00
654751100114492.77
655015427108649.75
655015427669266.45
655015427549710.70
655015427133419.26
657572634147114.59
657717831348797.58
661371803288414.94
661371803307352.86
663099628169491.55
666163731807526.21
666713328122389.69
666713328622762.10
666713328115396.72
667125327126203.21
668975990271860.75
668975990439320.01
669330235262717.72
669330235165618.85
670886330334807.59
670886330148904.54
670886330192433.01
670886330240766.12
670886330260382.21
671538009712351.64
671538009238310.54
671538009285118.92
672665835140580.22
672665835132837.01
674252723464949.72
674269389121399.87
674269389133067.47
678331562206769.15
678331562781425.89
683783421625757.35
684051160146244.66
687986102142430.06
687986102299047.90
687986102132431.98
688045796169236.65
688045796292959.00
690445256576125.89
690445256279050.20
690445256141043.25
691505122256069.74
694666401195553.11
694666401108183.35
694666401299994.09
695721158787986.04
695721158140088.57
695721158428903.29
695721158351817.35
696762410392296.73
697507876310848.38
697507876270020.43
697507876244030.44
697507876181471.32
700404816386823.66
700404816147521.35
700404816295345.83
700769920283580.79
700769920273882.81
700769920544291.51
703509375117905.22
705077862785383.00
705077862462465.26
705077862479354.41
705077862117555.30
708860887597190.43
708860887147828.26
708860887187161.40
708860887219833.89
709632903137832.00
709632903108592.96
709632903503192.58
709632903419651.11
709632903292585.40
709753591296835.37
709753591465542.91
712104267131132.56
712104267349524.00
712104267663110.41
712104267225281.80
712104267580053.60
714573514167541.12
714573514129381.86
715154514623616.21
715745746135049.45
717732308203551.01
717732308643907.46
717732308358790.48
717732308260549.34
717732308338656.20
719921851144629.40
720638406253543.86
720638406250511.25
720735142238995.67
720735142100017.05
720735142292001.99
720735142105252.58
721700362160874.05
721700362501300.41
722593429567655.52
722593429243157.21
723153061312336.13
723153061209748.40
723153061694111.50
723153061127850.00
724100989172125.21
724554875457686.70
725651968310057.56
726536216276210.15
728010978119956.57
728010978200534.99
728010978551843.94
728010978545501.59
728010978644573.57
728066349100708.17
728066349333369.59
728066349353254.49
728066349836216.34
728419424125438.90
728581698201883.37
728581698282658.52
732987378180826.02
732987378120292.78
732987378477840.40
733279489197025.95
734534344758740.62
734534344487729.41
734534344114858.22
734534344495629.75
734534344174103.22
735416192298420.76
735416192182553.40
735815836108548.08
735815836119571.36
735815836177113.46
735952744230583.16
736105066217688.13
737774362127636.90
737774362760144.45
740892337389816.78
740892337130163.63
741118256359901.80
741118256165966.60
741118256131506.50
741418570124846.69
741714598353444.57
741714598257006.43
742107910279749.21
742107910174565.21
742107910208496.37
742325919250009.77
742325919104138.41
742325919514711.55
742456291285599.23
743582967102874.95
743582967277087.77
743702952234875.09
744080844365833.86
744080844567945.84
744111618249804.84
744111618304323.37
744111618201003.42
744719160424565.82
745820413491600.58
746772132119812.14
747484841178970.05
747484841520257.07
747484841264730.65
749024226261131.03
749024226442693.61
751107410338146.77
751107410979174.88
752909584240348.95
753497183108501.87
753497183850979.09
753497183233680.50
756409715449736.51
756409715154915.34
756409715214788.43
763126179293059.52
763126179203535.31
764423530679158.16
765191526260126.11
765191526914811.48
766272564107893.10
766272564375683.61
766272564530991.18
767090797611024.02
767090797346598.32
767090797107072.17
767559506763984.64
767560600168297.61
767923546120701.15
767923546651940.46
768760990165055.51
771243486109045.26
771243486126236.92
772027421472500.05
772153147293009.68
773516741798902.80
773686797327012.16
773686797103979.00
774369338589719.45
774369338413177.80
775854690158378.86
775854690511916.68
775854690431851.99
776612198326757.27
776612198538942.03
776612198547882.55
776612198157994.86
776612198395044.50
779898477540286.27
779898477149434.76
779898477366372.12
780307713240322.17
781466316327542.72
783558945128444.32
785197350457785.55
785197350104054.62
787277561140470.03
787448057231500.52
787760922203309.77
787760922151730.09
788376313486736.41
788447113101750.75
788447113179621.10
788447113160121.72
788874963546819.51
788874963106697.88
788874963677818.32
789835972301148.28
792126435808036.43
792368394351602.56
792368394427899.04
795096195276971.73
795453330144431.39
795453330299810.30
795453330158474.96
795878382328540.74
795878382813859.63
796309849360344.93
796309849232879.40
796309849172786.26
796309849119263.64
798927628105166.82
799447416429591.24
799493037161308.28
799493037140360.99
799493037127898.95
800263855146098.73
800263855259782.34
801071882298335.20
802764368307826.46
802764368807092.64
802764368199912.54
802764368168819.37
802764368662199.45
802764368321822.95
802764368159704.90
803824523155814.33
804704037288250.62
804704037112841.80
804704037114265.81
805107938569601.92
807200119383546.16
807200119533371.08
807200119586620.63
807200119328370.13
807200119390030.26
807653867602815.74
807653867154904.22
807653867162786.67
807653867189245.75
811375238275933.50
811375238828433.28
811375238214040.41
811375238527148.12
812342285131728.68
812342285618254.58
812342285726430.54
812342285380723.59
812469877386439.81
812469877563427.54
813061542190129.74
813061542391251.49
813061542368138.41
813920518555321.81
815870915439485.20
816562775739778.91
816562775119938.14
827692583112482.49
827692583142099.95
827924954726096.87
827924954448608.17
827924954245321.33
827936539490390.86
827936539172052.77
827936539337603.17
829088534127698.18
829088534149638.00
829708620747081.03
832048507227040.17
832048507195927.04
832048507138820.70
832048507590540.06
832048507198069.54
833786644358760.89
833786644240399.35
833786644212595.39
833786644446253.47
835653081888869.18
835653081659767.45
835653081626646.95
835653081113433.07
835653081263099.85
837956843112157.17
838515118344784.81
838515118257755.52
838515118807684.49
840052418302609.68
842240339531328.25
842240339517306.22
842240339177282.40
844946410255335.37
845007025109781.45
846251855637466.92
847566961237929.35
847566961278261.87
847566961429388.09
847566961248940.00
848909968114677.38
848909968812531.16
852391417126327.03
852391417679393.81
853800531400152.53
855341876524923.98
855341876112622.12
855602001144274.57
855602001192437.23
855602001432472.18
855602001126664.39
856453112402408.05
856453112258573.36
856453112143272.60
856453112132529.22
856453112195243.38
858096665513250.11
858096665109331.34
858096665664683.62
858619365132589.67
858732508421550.12
860583046485819.97
860583046274952.60
860583046749663.60
860583046233313.43
860734034109513.87
861673124242341.83
864088029151038.87
864088029101170.54
864408674238858.28
864408674790603.31
864780379293196.38
864780379479939.66
864780379912240.90
865845907313374.00
865845907149211.97
865921924264248.56
865921924153451.24
870308841135426.16
871712010984437.09
871712010278058.88
872643567666353.18
872643567113934.97
873983543212561.03
873983543372034.24
874448514338335.24
875501767144004.78
876982608125743.00
876982608377875.97
877735379238806.22
877847577104688.42
877847577211265.97
878061989508751.00
878534299192571.22
878534299154498.73
880075355775243.05
882053089134246.06
882234971230462.61
884259656308991.18
884259656204954.76
884563373521271.19
884826319655211.00
885514539210747.75
885514539249090.20
885514539304813.17
885613601655970.09
885613601446377.70
885613601223450.01
885613601224496.56
890228256385373.47
890755827255300.37
890755827258671.78
890755827237267.13
890755827236860.16
891172890243313.38
891172890106744.56
892000970233751.52
892768447100594.90
892768447391242.48
892768447177581.98
893082188969619.25
893441803390244.98
893441803873231.34
893441803680675.95
893441803186166.42
895334626528630.30
896018940577240.60
896259087121031.60
896259087273056.77
901355839231592.42
901355839352232.02
901355839336057.07
901355839222494.18
903491103135659.47
903491103464559.11
903491103111283.60
905095305352695.15
905095305127650.60
905095305318383.37
905129322130554.66
905129322116447.72
905207705153447.56
906471339240110.89
907135169159708.12
907135169173288.26
907135169193251.68
908450089272349.36
908450089156322.49
909570481144099.82
909570481571780.00
910985395117667.31
910985395240770.56
911398268282001.54
911398268116988.28
911398268296402.69
914557218265153.24
914557218244552.44
914557218159158.06
914803330171156.35
914803330834441.21
914803330244020.07
914803330116579.47
918892608680045.41
919002406250547.17
919002406584385.69
919465042596004.37
919465042225757.22
919783045420979.87
919783045302145.02
923474867186258.95
923474867100584.43
923698643152967.22
924705809254340.36
924705809366712.25
924705809126033.96
924747060261272.21
924747060154719.01
925380943362076.18
930363959507660.57
933385473710861.80
933385473343542.51
933389717558613.30
935560774108296.33
937277590640437.00
937277590616889.66
938193381251727.10
938193381114007.80
938193381119993.08
938586701132957.98
938586701575175.70
939409678174842.41
939409678858346.38
939409678160420.62
941366519198429.10
941366519491789.15
941366519261551.79
941366519246521.88
941366519356299.58
941706245327924.84
944771490186350.65
944771490128840.53
945122047603949.93
947336821166175.32
949634743193358.46
949957077659479.33
949957077270754.06
951461889175310.07
951461889379502.23
952093581763356.72
952093581567228.33
952391123557106.48
952391123221753.64
952391123117846.42
953276484168941.55
953276484124385.50
953551961312783.37
953551961310603.07
954384924312396.77
957725074139581.61
957725074303698.82
957987877617968.89
957987877686833.01
958140136389308.97
958140136544565.09
961832280952179.54
961832280654045.30
962693075504354.58
962693075441201.01
964957760108408.41
966461342212582.91
967522635323774.89
968882645292921.16
968882645169606.51
969405609225878.74
978008602382434.13
978017109165094.30
978017109101006.21
978017109605977.56
979709064439730.91
980803054481738.78
980803054243422.88
980803054588173.87
981162480414608.71
981162480332004.72
981166685275057.00
982766375128967.13
982994214323542.07
984950748339124.59
984950748193133.90
984950748135243.08
986611199212603.25
986919540255682.45
986919540213318.61
988676105260888.92
990095516591606.23
992484817354067.94
992484817106891.21
992958791469027.73
993163024409158.45
993163024136233.73
993893498354788.96
995876448118274.18
995876448388974.94
996402539104215.97
996402539100721.93
997918938850620.17
998254744300396.34
998254744767083.54
998943288696340.04
998943288327860.58
