100803031265357.05
100803031153628.75
101156577106511.69
101156577140083.22
101596937116180.64
101596937126927.39
101596937247622.86
101596937303138.45
102260703692534.83
102260703123945.95
102260703413194.28
102417505106377.61
102417505105988.49
102981320366725.97
102981320157522.81
103880243100450.05
103880243213166.07
104518388189825.02
106055610368443.19
107019140105901.04
107304349400658.78
107304349108619.94
109663353350829.14
109663353619722.74
109663353104130.02
109663353463691.17
110017382667511.11
110017382119668.74
110017382187847.81
110214774119922.65
111374881168606.76
111374881380859.19
111374881133192.36
111681384201192.07
111681384322490.59
111681384140091.66
112836089371517.86
113306414551027.01
113959481248436.85
117228782486650.78
117396658607280.26
117438597125364.19
117438597347289.47
117438597625124.53
117438597270046.66
118365161157407.03
118365161283641.05
118365161128935.05
119016727218248.43
119016727535822.49
119026684110008.60
119498741195112.65
119611116125944.70
121001410352355.16
121001410265562.32
121001410642305.48
121001410199582.54
121946888223611.43
122627851378969.91
122793853266146.38
122793853299077.80
124915162132504.51
129254821435585.36
129254821184172.12
129551756886890.69
129551756306256.79
129551756294918.48
129875133118934.92
130187347451396.71
130353627190821.77
130353627219726.90
131320092198838.37
132447352208009.66
132447352582243.12
132447352370883.47
132524384404503.92
133904151698508.08
133904151121248.20
134195087185346.18
134195087248115.55
135196155301997.08
135196155300876.06
137709375445977.44
137709375291642.21
137709375156538.09
137709375407794.15
138693034214839.45
139450583100768.02
139450583211051.84
140787251554384.64
140787251172256.84
140787251369742.94
142695573499967.94
143900095251383.16
143900095133650.57
143900095126579.12
143900095556997.73
145294573132556.87
147949197132838.27
147949197265596.90
149086189174840.04
149673275396690.14
149720314129604.49
149720314140160.13
150753271100256.21
151020112266498.92
151926654123104.86
151926654228964.16
152798968659145.80
152798968220267.86
152798968601684.65
152798968389540.13
154586988235741.86
156101978133864.31
156101978326568.61
156184156328628.58
157898134297448.53
157898134195929.83
159880267151111.19
159880267358466.50
159880267343369.67
160006487320296.25
160594018127659.06
160631595161813.07
161100836314025.88
161415507182717.03
162541070461624.32
163061073707104.20
164904976119091.52
164904976127458.03
165258260183024.78
165258260215672.00
167002917107067.98
167519799150261.84
167640157139869.39
167640157104665.78
167640157240585.36
169154377150806.25
169154377386926.80
169154377827879.83
169338279140114.38
171748766269797.17
171748766277703.55
171748766435254.47
173696140102630.78
173696140115302.87
174671762473048.48
174878306236681.45
174878306465685.88
174883568179488.04
176108647782853.45
178060486334460.84
178060486231900.00
178758666196772.50
178758666377952.97
178758666106569.70
178758666149041.44
179762367217160.26
179762367104431.69
179762367207968.75
182774156327167.72
183691383107039.03
183908839200008.40
183908839114018.94
186382757118860.37
188334686207568.80
190193297846514.08
190193297633142.78
190193297154523.99
193262678573165.52
193711006225919.17
194810104100705.19
194810104101210.43
197855977402295.44
197904816621002.74
197904816732714.66
198855106122307.41
198855106114660.80
198855106416369.94
198855106357226.67
199568135118899.02
199568135202150.15
200146461404698.64
200675412114968.41
200675412475049.08
200675412656240.12
202257991239034.53
202257991772103.54
202257991231295.13
202257991252165.00
202824367396933.11
202824367102767.79
204235604143060.42
206331108188540.57
206331108410961.13
208252813142430.36
208252813595028.60
208252813380071.18
208898303656777.51
208898303291186.79
209331946111503.42
209331946270248.93
209331946514272.53
211473251375504.48
211473251232398.40
211473251321665.61
211473251245754.40
212331880280750.06
213396943101762.11
213602432674253.58
214875375434081.05
214875375216399.87
214875375173336.21
215647935184134.19
215647935158825.02
215647935368157.75
223218265265146.44
223218265461626.53
225086135464783.98
225086135228718.65
227024004579255.22
227842032616469.19
228054518112642.07
229613819165577.64
231214121178909.12
231214121265707.90
231403051157574.83
231403051546429.71
231403051181905.38
231403051127164.41
231986561101762.19
232668625133988.66
232668625141998.42
233179776693126.69
233179776500383.65
234380094466156.19
234380094259319.15
234742004292459.34
234742004561923.74
236930781256010.38
236930781183161.23
241633719122051.55
242190041649606.86
244846436253446.43
246387732125356.30
246395504170017.64
246395504211086.44
246578626117733.97
246578626488431.55
246921183101082.99
246921183110152.73
247591311103789.45
247889291300519.75
248284961384651.32
248284961715235.09
248938351377718.38
248938351292215.46
249111475144947.80
249420279161985.17
249420279558402.44
250189385763123.32
250189385128241.48
250189385283512.31
250189385337857.10
251687419503012.59
251687419114021.90
252146182171451.78
252146182171025.61
252146182461282.16
253545920580251.55
253545920488664.05
255125620488397.89
255906899295159.36
259683861349143.03
266312721291718.94
266312721289933.48
266711588168555.86
266711588458498.86
269437650116004.51
269437650398892.70
269437650218005.58
269437650144631.10
269555399777818.69
269555399179691.42
269555399106325.25
272709278521031.75
274765790410454.53
275115779109767.88
275115779264181.60
275115779113470.96
275115779420430.51
275411499554103.63
276903838558771.04
276903838100514.54
280225069233934.15
280225069313848.15
280225069285523.23
280225069228782.97
280562852477280.48
280562852186402.00
280797933123207.10
280903690171583.97
280903690462874.33
282441191340004.98
282879114253980.45
284151821253413.73
284278668383067.67
284278668151156.49
285241161179517.62
285241161173387.19
286357906687576.62
286547825393800.31
286547825169142.97
287194096108170.00
287194096118770.88
287194096344252.51
287194096305244.80
287324315607307.07
288996231118645.48
289120238109443.23
289120238291762.28
289120238241032.57
289860384877103.22
289860384855608.75
291250183537023.09
294948581398042.54
294948581143907.16
297330673129603.52
297330673551875.56
297330673144175.34
297711458768172.68
297711458190570.63
297711458105073.69
297711458420875.39
299490674438860.19
299692662140140.19
299692662163700.11
299692662345656.45
300069649127968.52
300069649748106.62
300372299153505.79
300585303107539.32
302873488742521.89
303129987442024.03
303129987144157.93
305260427285120.79
305260427155261.05
305260427169739.88
305658630125942.43
305658630274426.26
305747566164265.30
306920818240178.48
308056990640077.31
309594392154206.78
309594392553820.90
310209435224343.13
310445634127082.51
310445634109022.40
310445634133654.24
310454191153944.06
310454191281103.97
310454191220765.94
310454191909829.32
310454191129604.78
314940761719221.86
314940761223762.96
314940761298800.77
315846409275089.15
315846409329665.88
317453153200075.17
317453153686574.65
317453153645972.88
318614657333388.14
318614657187651.67
318868292911895.95
318868292460599.80
319539594398517.55
319656394363120.32
319656394151938.81
319656394590887.52
323670838123949.03
323670838255526.67
323670838102006.05
323848130188503.60
323848130548317.52
323848130190392.96
323848130212740.43
325918281449550.97
325918281221007.62
326213588668320.06
326213588210674.62
327010449326514.19
328354088323446.04
329371056245040.35
329371056212842.52
334193213334875.64
335537630381320.53
335715381280710.50
336801473120343.76
336960695113524.15
337491743468065.29
337491743639028.75
340842280507108.98
340842280250770.97
341952800414240.17
342074651105056.48
344397779355404.77
346987419243766.16
346987419176711.69
346987419286907.27
347564606115067.56
347564606284507.69
348746404366015.82
349996174502092.54
350620769629840.48
356203328120933.44
356401591344855.53
356401591272588.25
356401591716691.09
356708742615425.20
356708742168717.11
360321320428045.27
360648093557793.73
360648093100627.02
360648093177822.30
360760357384143.18
360760357178652.31
360760357946360.85
361194255261519.73
361194255161594.79
363393550133870.48
363393550543172.44
363593682386762.74
364950395158459.28
364950395265775.67
364950395259258.63
364950395216237.82
373137581122729.37
373137581131514.03
373471525183224.71
373471525233457.96
373471525168214.32
373740433784202.72
373777889169000.48
374363533187548.49
374363533175481.82
374363533151471.17
375468241172070.90
375641375427887.71
375641375433977.14
375641375332498.12
375641375374852.84
375649427339632.25
375649427381319.06
375890823738588.64
375890823847053.66
375890823659032.94
376923868358253.82
378330817102513.76
378330817722876.41
378330817158629.36
378497248205401.76
378772748495714.24
381543660404136.69
381543660190421.02
381543660587297.19
381816324109164.19
381816324343090.00
383373004255592.13
383373004101921.47
383373004424682.18
383373004423457.96
383648179224811.97
384080914214016.55
387186313117390.35
387500606264351.89
387500606275906.61
388235755215587.49
388303403111912.97
388303403200895.32
388875201108578.63
390209274302147.80
390772134446282.52
390772134161000.62
390772134775353.82
390772134122746.00
391123961589786.00
394019296290204.28
394019296775348.38
394188633160944.71
396829952325244.65
396984280394577.63
397308858437960.54
397308858111905.78
398336007160634.05
398336007646200.36
398336007121544.89
398336007356054.23
402010932469002.82
402010932101282.33
402010932888220.35
402010932232940.62
404175752477619.14
404175752216511.10
404175752531603.90
404967312154408.39
406053005392593.37
406053005223793.47
407116351140264.61
407116351395521.40
408354382314910.59
413082880324313.80
413082880180083.44
413890988300316.41
415625092318031.65
415945167542356.58
418304933459087.75
418304933107127.80
418304933178818.13
418304933849127.23
418304933473294.09
418405168287711.02
418405168497596.27
418405168646316.53
419600217175131.75
419600217236640.05
419600217628750.59
419600217292982.03
420541052398494.76
420541052149744.10
420541052515559.45
421251419105317.25
422294374230553.86
422294374545008.25
423485116109327.87
424293071522434.91
424426699160856.80
424426699472368.49
424426699510289.02
424426699131150.55
424507928310672.36
424687486137436.90
424687486128536.97
425263826296444.35
425263826390142.75
425836396102913.45
426198015551687.07
426827475460783.13
427023543750402.26
427023543346435.96
427653658204344.37
427653658407010.62
427992830163724.90
427992830122232.91
428026116494830.79
429444957111374.65
431781818357179.72
431781818153513.47
434306159466695.04
434306159112304.44
434306159253858.23
434306159550682.78
435830994337027.01
435830994139213.33
435830994604783.96
436541345139454.19
436541345466281.74
436541345407268.05
438571031598510.05
439202619171514.37
439815013167850.49
446101021380953.95
446572198686183.80
450033863134184.11
450033863384947.62
451898397928675.16
452907513448320.15
453124762640230.37
453945758114922.07
454505347235490.08
455563512555254.84
455730993152780.35
456871046389206.00
458314948201836.40
459758995175219.57
459758995992678.50
459758995215518.41
459758995164192.95
460129470119456.20
460129470131747.79
460129470321922.38
460129470135185.47
460384223142218.05
460384223166835.06
461009699239255.88
461009699523060.25
466227501173755.59
466227501173979.66
466227501347423.69
467984196676716.04
467984196567789.00
469457644222669.43
469457644158282.33
469457644107098.02
469457644165873.77
469670122156222.40
469670122244896.12
470045158267295.34
471857970385382.51
471857970175015.30
471857970364242.99
471857970354784.08
472446118468424.95
472672595481794.82
473901580356061.67
473978837268150.80
473978837100047.07
475728122581022.13
475728122628954.27
475728122206466.62
475728122362416.75
475728122197817.84
476386452423132.41
476386452127422.68
476386452221354.99
476873067220716.69
476873067131606.69
477127591703263.08
477127591291526.59
477127591150074.54
477605614589606.86
477743286203565.17
477743286683058.84
480704953288824.88
480704953225971.69
485692569204556.41
486364990466564.93
486364990895143.85
486364990104291.15
486364990218758.24
487578976503037.47
487578976405213.33
487578976316428.44
488775063171465.38
488775063142217.33
488888112170403.54
488888112427668.56
489537808866245.91
489537808181426.58
489537808488943.75
490775374116190.04
491246623106946.45
491246623345832.67
492413974149556.17
492413974115962.00
495390908219885.78
496793622109932.84
496793622135655.49
496808525170821.49
496808525500892.44
496808525586258.99
496863696228779.60
498112669515545.38
498143404272324.95
498548222140488.78
498548222119108.60
498548222478048.68
499053599135257.30
499053599335265.87
499053599499044.76
499283581554997.23
499283581105454.34
499467860436765.22
501158925232631.15
501284104250133.71
501284104193062.57
501284104122647.81
501284104577149.48
502176650109782.60
503012100738232.26
503012100169969.02
503832403262439.57
504584172227642.42
505967417555040.46
505967417117108.39
505967417127506.94
505967417196558.41
506140362635652.77
506140362183286.77
506140362122638.56
506460140206289.29
508251419260303.37
508251419300448.30
508739487117640.72
508860646174055.90
508860646103215.53
508925718744735.17
508925718217671.88
509446156604967.03
509446156152122.11
509446156436204.65
509446156210003.04
509446156536647.24
509446156143910.29
510037513427852.89
510064144402933.44
510064144134982.17
511077882286040.46
514855712418191.38
514855712657935.17
516257727531235.33
516421257301480.37
516628786163651.04
516628786668445.50
516628786129070.91
517678399181508.14
517678399350217.87
518109934506094.61
520080558181153.95
520080558625540.09
522274769407990.35
522274769260983.61
522284048330345.21
523628542191377.31
525252585198553.12
525361683177719.32
525361683174671.99
525446383100406.88
525446383227091.28
525446383114956.28
525446383890309.21
525446383354717.34
525926278268517.78
525926278151829.89
525926278121464.70
526668130122001.40
526668130138587.00
526668130318163.70
527367550132291.15
530289161298557.82
530289161140042.99
532377979129952.03
532377979289914.95
532377979166566.56
532472558520429.50
532472558109057.54
533172258201771.27
533172258540887.11
533172258141450.98
533201440124001.82
535091207579191.09
536388893875111.57
540275431363875.84
540275431817753.95
541413187182000.45
544397782512856.77
544841969233822.95
546254123331563.69
546932506111637.87
548129152507343.08
548129152127348.84
548481212333436.30
548481212596624.82
548481212323157.22
549243175168452.17
549243175185925.25
549249535465936.41
549249535362842.10
550392053147285.85
553656369578169.18
553656369290260.70
554268365146648.83
554268365255301.53
555401971323831.14
555401971642643.09
555415591275859.30
555415591607412.27
555415591275734.00
555415591100243.05
555790640335451.74
555790640271341.31
555790640147991.69
555790640134916.59
556537470370408.17
556605206473923.03
557278620504158.26
557278620372977.45
557278620228602.99
560162315101619.02
560162315132804.75
560672299790724.31
560802817117412.82
560802817336719.47
560802817360667.01
560802817333100.56
562382583435186.28
564933553311432.71
567139088731363.91
567139088300820.29
567139088484139.04
567218651361662.93
567218651183010.09
567218651770110.18
567546933100665.34
567546933725965.71
567784105534172.12
567979109153482.49
567979109525972.19
567979109244916.85
567979109299084.69
568121813129961.62
568121813123065.61
568121813255586.96
568121813103153.93
568750929269520.77
569486726587893.51
569486726204812.60
569486726318962.86
570950541251932.52
571264525249732.60
571352753220199.84
572337884128698.26
572337884294905.97
572804719229164.61
572884241367620.16
572884241687700.89
573070853205161.00
573251199160036.08
573251199162026.29
573251199200245.24
573573263520054.84
573573263365114.08
573573263288542.72
573573263157475.12
574605206240347.51
574605206176037.74
574605206161417.78
574605206230325.81
575858400110526.46
575858400297926.99
576488475123566.11
576637740467898.45
576637740343145.86
576637740582132.14
576952335394269.66
576952335205143.74
578256628446059.37
578299020173659.57
579977556232506.41
579977556145624.97
582457800103320.41
582457800415251.96
583581204669059.08
583581204140957.39
585432648202587.96
587327921115799.98
589037736111632.79
589037736126387.77
590474012140623.81
590474012886417.26
591134335227201.39
591134335115056.22
591134335387037.15
591386815238501.10
591386815150113.80
591386815255502.70
591566736200724.22
591566736238234.27
591755775261724.00
591755775337826.14
591755775441674.97
592244826642330.18
592244826374231.95
592244826507119.03
594043398109900.22
596116932234839.18
596735948884167.92
596735948614856.08
596735948105797.91
597280119304039.42
597280119110605.30
597700047256963.11
597700047209660.04
597700047946619.17
597700047249302.30
597961118132736.83
598188631184042.64
599149683508167.78
599149683250955.63
599601333481666.49
599601333674014.02
599814919171826.76
599814919166031.92
601866754137502.81
601866754247277.48
601866754431878.58
604314812119166.04
607682491104083.35
607682491306397.41
607682491676614.62
607682491230207.06
607784672239894.36
607784672141749.47
609357423164368.29
609357423504314.09
609956325402488.55
611824131325989.08
611824131131494.28
611824131168968.09
613510744283966.28
614168147824915.58
614168147279960.56
614168147266648.70
614497745254351.42
616044848104701.13
616318415130679.98
621018422360603.65
621018422265696.67
621333885453995.39
621967544360020.76
621967544262782.00
621967544262002.84
622018493111502.90
624782179187152.79
626305925430074.34
628095494101961.76
628095494732066.77
631229305537972.95
631229305570937.85
631987283247915.11
631987283437027.40
632481654250970.49
635752965712908.17
635752965443182.63
636087692218911.02
636087692202470.12
637624644838029.58
637624644344661.37
638323057603667.19
638323057624294.47
639106352270122.90
639106352887457.24
639863652212748.94
639863652156228.25
639863652199458.04
640296389717848.58
640296389111590.79
643780731232144.36
644375478349069.28
645171319255943.77
645171319559178.11
650275710402326.29
650825130123321.53
654751100233836.60
655015427258376.54
657572634273045.20
657572634338545.89
657717831155573.46
657717831293213.79
661371803196636.29
663099628104503.40
664704523158380.38
664704523298089.20
664704523397168.63
666713328316660.56
667125327332137.26
667125327276710.55
668975990450167.97
668975990291979.69
669330235377839.42
669330235130625.82
669330235112887.63
670886330133159.69
671538009275814.26
671538009112502.86
674252723808075.81
674252723105500.10
674269389688584.08
678331562141014.26
680853772528477.11
680853772146270.21
680853772108056.92
683783421312470.00
684051160109973.39
687986102152487.35
687986102191159.91
688045796172631.08
688934511516461.19
688934511192769.68
688934511648710.35
688934511160452.14
688934511384391.03
689530017640346.00
689530017583600.92
689530017125721.84
691505122203881.77
692813473642251.83
694666401150085.70
694666401768957.25
695721158435709.48
695721158113845.45
695721158357380.43
695721158380597.79
696737516195481.13
696737516151828.32
696762410266063.51
697268393411841.64
697507876654640.34
700404816828984.07
700404816753880.45
700769920516979.00
700769920124839.54
700769920244090.97
700769920127915.22
703711397165605.25
709632903631116.47
709632903209323.14
709753591240696.71
711042412134936.57
711042412546233.43
712104267192232.75
712686604235307.04
712686604191075.16
712686604468943.71
714573514826451.33
714573514489732.11
714573514454897.87
715079332227295.68
715154514607851.04
715155736218521.28
715155736280151.29
715745746490624.13
717732308183589.00
717732308691950.45
719921851623455.17
719921851200255.31
720638406194781.53
720735142115639.21
720978012116508.66
720978012138862.51
720978012181117.15
720978012161308.87
722593429541319.69
723153061479992.68
724100989151114.24
724100989489741.15
724554875725311.57
724554875846608.14
726534543231248.00
726534543207520.18
726534543280037.47
726536216172129.06
726536216361052.68
727338137124569.42
727460616191182.88
727460616185288.65
727460616714096.07
728010978159333.45
728010978199978.31
728010978804902.53
728010978545949.86
728066349199100.81
728066349752332.02
728290540279943.56
728419424537973.45
728419424413804.60
728581698329869.56
732987378645436.01
732987378536786.42
732987378100693.36
733279489116203.35
734534344235440.68
734534344214138.61
735416192242293.61
735815836223052.96
735952744756829.30
737774362129695.73
737774362427080.09
737774362270738.44
740892337116459.80
741118256110653.64
741418570182494.88
742107910249097.72
742107910105905.50
742107910532663.39
742107910112693.57
742325919209282.71
742325919160641.25
742325919619545.95
742325919481077.32
742456291330237.51
743582967105743.20
743605154100504.67
743605154597868.80
743702952148830.47
743702952497855.93
743702952342394.63
743793189195516.00
744111618208814.71
744111618422150.14
744719160129761.38
745820413158982.77
746772132484021.12
747484841114731.97
747484841142519.99
747484841718303.40
747484841318971.80
747484841296224.39
747484841102331.14
749024226333957.88
749024226344348.88
750482494238112.91
750482494193169.73
750482494132938.44
750482494376172.58
751107410315857.64
751107410423814.85
751107410323044.72
752909584632539.14
752909584158268.78
753497183155731.75
753497183454587.88
753497183558099.65
756409715141888.90
756409715887947.88
756409715791226.33
763126179110851.66
764423530708963.95
764423530286527.07
765191526334217.07
766272564836349.23
766272564717752.50
767090797203253.61
767090797375660.00
767090797104448.97
767090797361409.47
767560600138569.95
768760990515746.50
768760990805748.01
771243486367010.49
771243486249104.36
772027421888418.60
772153147126450.82
772153147270082.41
772153147334330.20
772153147795221.20
772153147274251.10
773686797716586.36
773686797108117.05
774369338500943.87
775647608182253.50
775647608458441.38
775854690217002.17
775854690283014.28
776612198122226.51
776612198258379.98
779898477102671.80
780307713205455.77
780307713138988.50
780564297156302.24
781466316544987.73
781466316119430.50
781466316187599.82
783558945253308.43
785197350101723.11
786411085212567.45
787277561471706.67
787277561686688.96
787277561232131.34
787448057107498.50
787448057325152.82
787760922266319.20
788376313755763.25
788376313276316.61
788447113512071.02
788447113233876.00
788874963109059.31
789835972104276.55
789835972124335.38
789835972159974.08
790352185866862.14
794920973224211.14
795096195726384.72
795453330219502.61
795453330904428.68
795453330652580.91
796309849630586.42
796309849384590.40
798927628287270.93
798927628394185.04
799447416455099.49
799447416333037.54
799447416164265.72
799493037830005.45
799493037322532.36
799493037329887.14
800263855250625.06
800602389319093.82
800602389107812.87
800719960383470.50
800719960301276.91
801071882632827.68
801071882123963.87
801071882417188.78
802764368147146.05
802764368472758.75
802764368111152.44
803192777299370.62
803192777116544.40
803192777410513.56
803824523364151.12
803824523407427.40
804704037483658.47
807200119590840.20
807200119220054.48
807653867190064.66
807653867219008.52
811375238171324.62
812342285604438.97
812469877113920.50
813061542230195.36
813061542176637.67
815870915601178.42
816562775147226.66
820522612726995.22
827692583417440.32
827692583123136.01
827924954196539.00
827924954519765.22
827936539289236.58
827936539571110.64
829088534527268.65
829708620648890.43
832048507212795.83
832048507688559.24
833743918391770.14
833743918214120.19
833786644212583.62
833786644499394.34
833786644427876.94
834417306180697.22
835653081178395.26
835653081298508.04
837956843267434.29
837956843570562.30
838515118329618.35
838515118573360.85
838515118240371.51
840052418368788.65
840052418523853.00
842240339103345.32
843039617503592.66
844946410368740.34
845007025101701.79
846251855566401.04
847566961145801.14
848425763275123.38
848909968138378.85
848909968141115.09
849037548284757.02
852391417161568.13
853800531178447.04
853800531214224.56
853800531803185.57
855602001855595.18
855602001404174.63
855602001148222.48
856453112893434.74
856453112483850.67
858096665346730.48
860583046126283.70
860583046489565.27
860583046190300.62
860734034125856.44
860734034327500.93
861170886824340.44
861673124240136.15
864780379226518.23
864780379171032.37
865921924164615.59
866362412301731.66
866362412700935.07
867061858100102.55
867061858105514.23
871029659402483.70
871029659193062.72
871029659441518.42
871712010377068.86
872643567561214.89
874448514144218.75
875501767301305.08
876982608305585.32
876982608199419.81
876982608108248.84
877847577721191.56
877847577124123.58
877847577846400.67
880075355103767.92
880075355152682.84
880075355330705.40
880075355155748.39
882053089460569.55
882053089174802.54
883906066561690.83
884259656114261.07
884259656216445.03
884826319487094.63
885514539131800.23
885514539390565.07
890228256269456.45
890755827105985.22
890755827481485.23
891172890631458.56
891172890246716.98
891172890168250.18
891172890149492.10
891172890104445.20
892000970117213.29
892452887126854.43
892452887333090.58
892452887290517.63
893082188161465.47
893082188636542.30
893082188200672.71
893441803124772.76
895334626308592.60
896018940449841.62
896018940107146.66
896259087103400.22
899424928573245.99
899424928332170.87
899424928551942.24
901355839424370.83
901355839102374.12
901355839122043.58
901355839144358.10
903491103135704.96
905129322595510.32
905129322122629.96
905207705325387.25
905207705136106.61
906471339289707.96
906725953832251.30
906725953245083.77
906725953249826.65
907135169171796.57
907135169107775.23
908450089188885.83
909570481374574.62
910985395196022.93
910985395417362.79
911398268113502.37
911398268428487.87
913977793703010.17
914557218154383.39
914557218557452.38
914557218110493.51
914557218177450.87
914557218297008.13
916303780686189.91
916303780663683.63
916303780605467.34
918892608497114.97
918892608564114.00
919002406171775.47
919002406391268.20
919465042129838.43
919465042376649.19
919465042260020.95
919465042121199.35
919783045627467.89
920265619297437.28
920265619126089.70
920265619319895.78
923474867269994.55
924705809386246.01
924705809137618.05
924747060374075.27
924747060829893.53
925380943417609.72
929784486431560.05
929784486178544.70
930363959104357.96
933385473346130.34
933385473135623.77
933389717108858.86
933389717708496.21
933389717167083.20
935560774341960.60
935560774136511.89
935560774195931.38
935738051107232.72
938193381429565.19
938586701105472.52
939409678178759.19
939409678234809.32
939409678308568.53
941366519202537.53
944771490192165.63
944771490102811.04
944771490198581.23
944771490467171.02
945122047325612.00
947336821690975.86
947336821554000.35
947336821155356.14
947687206120633.54
947687206125016.42
947687206262519.47
948481987374226.88
948481987137501.77
949957077413681.54
951461889671060.10
951461889393386.71
951461889159725.19
952391123130195.43
952391123362865.53
952827865206762.91
952827865325922.96
953276484477840.50
954384924529094.63
954384924262589.95
955829535933008.72
955829535318461.64
955829535981264.15
955829535114538.04
957725074190737.68
957725074686413.96
957987877355219.86
957987877591748.25
958140136470472.06
958140136444681.97
958776195258027.35
958776195139319.02
958776195154455.06
958776195109445.54
961832280127449.22
961832280821434.88
961832280395067.40
962693075381538.12
962693075109356.58
964957760294247.50
964957760214419.04
964957760223935.18
965364270230872.03
966461342442524.09
966461342116770.10
967522635329539.66
967522635127133.98
968882645183408.63
969405609104179.36
969405609448174.16
971155310696899.97
971155310325403.42
971155310236527.41
978017109116835.17
978017109482925.87
979709064114594.37
980803054146283.29
980803054291728.63
980803054325968.14
980803054287356.07
981162480115206.80
981162480333362.98
981162480160542.66
981166685427864.88
981166685185919.42
981166685162565.09
982766375103073.65
984950748116371.98
984950748132102.33
986611199142652.05
986611199490192.43
986611199593950.53
986919540106007.97
986919540579712.94
986919540132215.04
988676105252639.59
992366063155934.59
992484817493956.24
992484817419569.80
992775582227353.75
992775582962980.01
992958791646327.87
992958791319363.17
993163024319231.50
993163024114722.33
993893498389531.35
993893498160273.16
995876448328192.46
995876448276006.84
995876448104953.31
996402539175404.00
996402539103963.06
997918938664256.36
998254744229242.09
998254744165180.98
998254744112482.63
998943288368698.75
998943288110959.78
