100803031598060.86
100803031198095.29
101156577763771.94
101596937766850.53
101596937576258.04
102260703339366.93
102417505156215.83
102417505107912.09
102981320275868.55
102981320522226.67
103880243207222.15
103880243581526.59
104518388495020.21
104518388840169.34
104518388167872.00
106055610242628.07
107304349416706.73
108262806598803.08
108262806583042.32
108262806131720.71
109663353637424.67
109663353109921.41
109663353243397.42
109663353264217.24
110017382186442.57
110214774419675.17
110765917176192.34
111374881216599.07
111374881446966.54
111374881285492.90
111681384170809.68
111681384234550.02
112571729122648.71
112836089351098.52
112836089437505.17
113959481133802.12
117228782138502.50
117228782191657.90
117396658310238.70
117396658380467.08
117396658609842.76
117438597114353.55
119016727126034.85
119016727227680.98
119026684191130.93
119498741768959.36
119611116104435.67
121001410533750.66
121001410131680.39
121946888359153.02
122103994147455.74
122103994435592.14
122627851220211.70
122627851385288.81
122627851334721.84
124915162233726.87
128053188633221.99
128053188354563.79
129254821203868.10
129875133204679.69
129875133214205.17
129875133146955.01
130187347342176.08
130187347505246.37
130353627126492.15
131320092201678.72
131320092113375.23
131320092407773.41
132447352289113.47
134053382178192.16
134053382224109.85
134195087110237.62
134195087215147.69
134195087117478.30
134195087104882.09
135196155121794.77
135196155196822.92
135833912238651.07
137281364140412.18
137709375388009.59
137709375121635.62
137709375443529.39
138759230210187.80
138759230113511.68
138759230219898.73
139315404418208.74
139315404386805.59
139450583111879.71
142695573270814.92
143616141342581.98
143616141496836.96
143900095211998.24
144086960100198.88
144086960706685.80
145294573191778.52
147949197352740.22
149673275103338.58
149673275186686.15
150391254388685.52
150753271609105.90
150753271196858.23
151926654114090.72
151926654648551.95
152798968709351.57
152798968314882.14
152798968443341.24
153925503336624.61
153925503306934.85
155306319111879.04
155306319218297.44
156101978352063.06
156184156111054.48
156184156100402.47
156184156649690.60
156184156124281.72
157898134102264.36
159509387372549.59
159509387901437.16
159509387473828.45
159880267423515.21
159880267101004.31
159880267261696.43
160006487138455.69
160006487128447.73
160006487280307.28
160594018259379.84
160594018366676.05
160631595179820.94
161100836512159.17
163232964443064.96
163232964702473.17
164904976288331.57
164904976164047.69
164904976130819.40
164904976600480.16
164904976516324.72
164904976142847.60
164904976257278.76
165258260178382.50
165258260807417.62
165258260106548.54
167002917761072.70
167519799846095.18
167519799828239.45
167519799624798.95
168112199748413.90
168112199154961.06
169154377653243.68
169154377571972.75
169154377666906.89
169154377174474.20
169338279102717.97
169338279121006.93
171346863434265.64
171534295387939.17
171748766200408.44
171748766217501.44
171748766104756.36
171748766191374.66
173696140512890.44
173696140128327.28
174878306207727.56
174878306483088.75
174878306157149.81
174883568630909.78
174883568233968.38
176108647736309.24
177510149173118.85
177510149394854.50
177510149147832.41
178060486880780.32
178060486256936.61
179762367575690.75
179762367202287.09
179762367315985.80
182774156326019.09
182774156527910.54
182774156161342.56
183691383383789.94
183908839258541.11
184410327306579.80
184410327416823.98
184410327113938.80
184883882391016.20
184883882214242.58
184883882358239.91
186382757636036.91
186382757212283.95
186382757506990.42
188334686577994.93
188334686482878.84
189515767447524.29
189515767898525.30
189515767549899.03
189515767374068.76
190193297577357.93
190193297447245.59
193262678134103.53
193262678216038.45
193711006181344.67
194810104628560.89
194810104463022.69
194810104360495.04
197435531248269.98
197435531131620.95
197435531134194.27
197435531940359.07
197435531316379.84
197435531496346.39
197904816154866.51
197904816181768.77
197904816419775.90
198855106334128.18
198855106153754.18
199568135706937.74
199568135880862.29
199568135312145.78
199568135231097.37
200146461287711.78
200269226355513.41
202257991244836.54
202257991327159.00
202257991152971.00
202824367168484.63
205373035279067.39
206331108105192.53
208252813239888.52
208252813159202.51
208252813297206.13
208252813614181.80
208898303295507.47
208898303109726.89
208898303120260.08
208898303111458.22
211473251380576.92
211473251261597.10
212331880404475.55
213396943172220.21
213396943190003.85
213396943242342.88
213396943354168.39
213602432456597.08
213602432317155.27
213602432108085.98
213974503346592.71
213974503433604.98
214875375226077.20
214875375144255.25
215647935805037.76
215647935219678.99
215647935144058.93
216594016137610.32
216594016182086.67
220072911124389.46
225086135809679.70
225300737115888.24
225300737105339.45
225300737268438.11
225300737611399.63
225300737441123.95
227024004416815.55
227024004191527.78
227024004210300.58
228054518166090.19
231403051347187.95
231403051114879.81
231986561103541.94
232668625396570.21
233179776357970.70
233179776334298.74
233967114151981.45
233967114494552.36
234155102237834.65
234380094215582.99
234380094478837.12
234742004117106.77
234742004295871.83
234742004570445.27
236456055202109.66
236848862237332.75
236848862432067.05
236930781576349.04
240606459102600.52
240606459748070.68
240606459105127.25
241633719514793.65
242612545173717.32
246387732180673.09
246387732106650.18
246395504192799.87
246395504469888.91
246395504410339.29
246395504109514.41
246578626159505.72
246578626214339.91
246578626224259.91
247889291431171.46
247889291282701.50
247889291121033.74
247889291146771.07
248284961223109.77
248284961436839.80
248284961275442.22
248284961788139.33
248938351430942.17
248938351785510.65
248938351112076.95
249420279224047.00
249420279129753.07
249420279339528.02
250503993647949.52
251687419156363.40
251687419142970.77
252146182258842.29
252146182231548.44
253356546102442.67
253356546712182.87
253356546817224.03
253545920146390.24
253545920127382.92
255125620536879.77
255906899218818.94
256617553347370.43
256617553619766.81
256617553100964.94
257911652665642.51
257911652116597.75
260220807101206.41
260220807135004.93
263492694265500.58
263492694116869.18
263492694760177.91
266711588670322.96
269437650628774.38
269437650108083.75
269555399201278.49
270193205239821.31
270193205106911.51
270329525120953.31
270329525718660.95
272709278909174.10
272709278152226.86
273445992615580.84
273918930124759.73
274765790156200.76
274765790169105.96
274765790491529.85
274765790197762.64
275115779389654.13
275115779198616.18
275115779592299.63
275411499302900.36
276903838706929.67
276903838356922.63
276903838263495.06
278219696446686.08
280562852129961.52
280562852302477.34
280562852233721.85
280562852657711.88
280661619433718.05
280797933595226.71
280903690106196.91
280903690449605.78
280903690247348.43
281436615647567.50
281436615124899.48
281506639332964.20
281506639126498.49
281506639688389.81
281506639435520.87
282441191102284.41
282879114145506.50
282879114406680.26
284151821330828.38
284228307132594.38
284228307119973.15
284228307253458.70
284228307246684.67
285241161160826.63
286547825545587.80
286547825232040.52
287324315133449.67
287324315286487.33
287324315158638.90
288996231743723.40
288996231241544.92
289120238265462.35
289120238418852.23
289860384240781.70
291250183128178.70
294948581153673.53
297711458140404.16
297711458470899.17
297711458231425.26
299490674354307.78
299490674353124.87
299692662103652.63
300069649182336.78
300069649165903.34
300372299213538.96
300372299170996.95
300372299198638.13
300585303125536.71
302873488137509.40
302873488191623.28
303129987316734.16
303129987114720.00
304435923103228.81
304435923186655.76
304435923141872.63
304435923700350.13
305260427109596.39
305260427555446.36
305658630605364.67
305658630604979.26
305658630145230.00
305747566126491.51
306920818137078.82
307552687308554.58
307552687198315.01
308106984157816.56
308106984622861.55
308106984247425.24
310445634687551.55
310454191157920.62
310454191422644.47
310719616921385.56
310719616497215.60
311939514169394.63
314940761389651.09
318868292293418.50
319539594276935.87
319539594278383.77
319539594672510.71
319656394239860.48
322087967252448.02
322087967234650.29
322087967238075.44
322087967239519.90
323670838364602.15
323670838753100.05
323848130138748.93
323848130160963.40
325918281192980.78
325918281167627.44
325918281410526.24
325918281632122.19
328354088105883.10
329371056441463.67
334193213102719.88
334960441610201.87
334960441190540.50
335537630746296.51
335537630676313.27
336801473104974.18
336960695191194.20
336960695171122.74
336960695694131.85
337491743198048.07
341952800283618.96
341952800110266.42
341952800525397.39
342074651157882.88
342896477186484.70
342896477149374.97
342896477322484.40
344397779178749.40
345774001266584.40
345774001680079.73
346987419503178.54
346987419741893.74
347564606129078.25
347564606478982.88
347564606945375.95
347564606449901.77
348746404161762.79
349996174406570.04
349996174781165.16
350620769198767.60
351530440463736.02
351530440217873.46
351530440267435.50
356203328117866.97
356401591543085.78
356401591272192.99
356708742285464.05
356708742835904.48
356708742412630.87
360648093769688.10
360648093218376.43
360648093455870.40
360648093314498.32
360648093353803.27
360760357321130.07
361194255524155.49
361194255474398.00
363393550212629.18
363593682337303.82
364950395165058.25
366650656262513.57
366746235459379.23
366746235125725.99
366746235216389.74
366746235331438.06
367999686108498.57
367999686403606.74
367999686146481.82
373471525673628.09
373471525144848.24
373471525101464.25
373740433162128.99
373777889135296.78
373777889515041.15
373777889161680.04
373777889650646.71
373777889108122.41
374363533100126.98
375468241148166.75
375468241159070.00
375641375589862.63
375641375106153.22
375890823725851.67
378162833185485.45
378330817357107.74
378497248139352.82
378497248122286.96
378497248437984.22
381543660269406.55
381543660261639.54
381816324644183.31
381816324583247.80
381816324501596.68
383088531650390.78
383648179259787.47
384080914266203.52
384080914440635.86
387186313361610.96
387500606609823.75
388235755145426.18
388303403476012.55
388875201250487.04
390209274127675.49
390209274301095.42
390209274108443.57
390209274100282.86
391123961742338.25
391123961861914.24
394019296311534.40
394188633116785.80
394188633404711.54
396829952133240.79
397308858344297.60
397308858719770.62
398336007247268.93
398336007132398.02
399791202522368.51
399791202149227.38
401214573719908.65
402010932343900.84
402010932162046.18
402889444170217.60
404175752150836.35
404175752686184.02
404967312384605.33
404967312184498.77
404967312110340.28
406053005114705.90
406053005194392.25
407116351514342.65
407116351129186.07
408354382165563.43
408575433528408.71
408575433540114.61
413082880470523.78
415625092173441.14
415625092399111.35
416461717239596.07
416461717216233.20
417123406551287.36
417123406400788.28
418304933139367.00
418304933322081.28
418405168300981.06
418405168257887.99
418405168292347.88
420096621212675.74
420096621842222.42
420541052444302.38
421251419358567.72
422294374381091.95
424293071128720.70
424507928102681.13
425836396706882.74
425836396386371.18
426198015330795.46
426827475392485.65
427023543168706.27
427653658376088.98
427653658402209.99
427653658366886.88
430429762178432.43
430429762294256.76
430429762152950.49
433249952171118.70
434306159216059.01
435830994312233.50
439202619173963.31
439202619190663.78
439202619229194.62
439815013390234.41
439815013121519.74
439815013582275.00
444632472664562.60
446101021508792.17
446101021133057.04
446572198267470.85
450033863382585.51
450033863112413.70
450033863110267.72
451898397297489.09
451898397402439.21
452907513126033.85
452907513109872.55
452907513123362.64
452907513488163.40
453124762319466.07
453124762169721.03
453945758529318.28
454505347825761.62
454505347449047.12
454505347122406.62
454505347120276.42
455563512103014.18
455563512783491.96
455730993494258.91
456871046389035.22
456871046600698.61
456871046114228.00
458314948326636.84
458314948355976.65
458314948319158.62
458314948176133.74
458889106609607.97
458889106314657.00
458889106346975.93
460129470152708.79
460129470214062.83
460129470380638.27
460384223240700.88
460384223210533.82
460384223132202.72
460581703225791.71
460581703380514.02
460581703116099.01
462462168168116.67
462462168371650.96
462764033148892.59
462764033337473.83
462764033246770.63
465082059113010.62
465082059146031.88
465082059416883.00
466227501218216.67
467984196251075.01
469457644191713.58
469457644115056.32
469457644469460.98
470045158101978.72
470045158444956.00
472446118264758.59
472446118303137.57
472446118600548.87
472672595139494.73
472672595117574.15
472672595784829.35
472953771328065.13
472953771315911.00
473978837227745.06
475728122232329.96
475728122108602.97
475728122314773.77
476077303659248.72
476386452457188.35
476873067127333.82
476873067228962.27
477127591106965.20
477605614667384.64
477605614373110.85
477605614240476.85
477605614325334.45
477743286453382.22
480704953220176.43
485170462152557.06
485170462465909.55
485170462340308.40
485692569423471.50
485692569193407.80
488775063798514.12
488775063509574.75
489537808283483.37
489537808414732.59
489537808210657.26
489537808148813.59
489537808498125.96
490775374210419.45
490775374373283.37
490775374847929.43
491246623361540.62
491246623122227.05
491246623272596.09
492413974401350.81
492413974166039.20
494404564227036.62
494404564257448.73
495390908727744.23
496808525220786.65
496808525125352.88
496808525139756.54
498143404169982.22
499283581826733.16
501158925513408.64
503012100339516.57
503122533122096.32
505731999308143.10
505731999149740.35
505967417154551.29
505967417511679.22
506460140309003.34
507517153367387.87
507517153189971.77
507517153147338.35
507517153379370.52
508251419125181.15
508739487164589.19
508739487100828.24
508739487191032.62
508860646136746.61
508925718591558.50
508925718109656.03
508925718133079.81
509446156668625.19
509446156255354.61
510037513216069.74
510037513263111.88
510064144455250.78
510332426120561.87
511077882647155.29
511077882630395.77
511077882366589.24
511077882262405.60
514855712336471.42
514855712788464.32
515516619560948.82
516473646413169.00
516473646319430.77
516628786109496.26
516628786446338.21
517678399396403.00
519289907113900.90
519289907284372.71
519289907488624.43
522274769276613.27
522274769101915.56
522274769499074.58
523628542126744.39
523628542513697.95
525252585416141.77
525361683260943.26
525361683269961.39
525361683300518.04
525446383211203.36
525446383183028.14
525446383219350.24
525926278207829.73
526668130317432.80
527367550467784.85
527367550160743.80
527367550232053.18
530289161582108.95
530289161742488.17
532377979162950.11
532472558141340.97
532472558352788.65
533172258802557.45
533172258138319.59
533201440466096.37
533363124379067.30
533363124172875.68
533363124112172.46
535091207798655.99
540275431120870.26
544397782774140.34
544528724210814.72
544528724101802.76
546254123279490.47
548129152804285.01
548129152691601.42
548395241143914.64
548395241107458.03
548395241440435.17
549249535521663.29
549249535389745.72
550392053102426.56
550920165271932.85
554268365636704.87
554268365412260.71
554268365437156.03
555401971205038.58
555401971112760.94
555790640471982.00
556537470103497.83
556605206518155.84
556605206230912.30
556605206119980.57
557278620161899.28
557278620137795.52
557278620148130.54
557278620652040.86
557278620129702.86
557278620122745.44
559506176127805.55
559506176178751.03
560672299438719.69
560802817241903.63
560802817131691.48
562382583132434.58
564477851141754.84
564477851250398.25
564477851171049.00
564933553330787.50
567218651178014.31
567784105456747.38
567784105130787.89
567784105135521.89
567979109772162.70
568079403299893.00
568079403120429.73
568079403248432.75
568121813317377.40
568750929230644.83
568750929632201.68
569486726540524.05
569486726299522.48
569486726486843.42
571264525923329.44
571264525364261.31
571352753971539.70
571352753323954.47
572337884127847.78
572804719117480.10
572804719550195.23
573070853199109.97
573070853161532.93
573251199285023.41
573251199344995.27
573573263820928.22
573573263156290.75
574605206123575.35
574605206260867.65
574605206345144.95
574605206147223.09
574605206889541.94
574605206146763.86
574605206328512.49
575858400460760.53
576488475256873.04
577091859186403.15
577980947233533.73
578299020722422.88
579716532312767.95
582433833425730.48
582457800112958.30
583581204572689.13
585432648504723.28
587327921550563.53
587327921268202.15
589037736102257.97
591134335419779.00
591386815169948.65
591386815106266.01
591386815555535.81
591386815103946.00
591566736352003.74
591566736107181.35
593634266631358.13
593634266124079.85
593771725213158.18
594324319575133.37
594324319141733.76
596116932598239.51
596735948105905.44
596735948275471.70
597173782549659.78
597280119756989.74
597280119101754.65
597700047104537.86
597700047302179.41
598188631328269.64
599149683317034.91
599149683159637.39
599601333291518.19
599814919214672.00
601866754200923.99
601866754180737.15
601866754607043.75
601866754237192.66
601866754155750.35
604314812484618.25
607424818322708.15
607424818337415.04
607682491486947.35
607784672100198.32
607784672291596.10
609357423163123.43
611824131371851.24
611824131339149.51
611824131218344.42
612217407334419.89
613510744105482.30
614168147267136.20
614497745129325.18
614497745259700.28
616044848381662.61
616044848240227.71
616044848109854.82
616044848169043.94
616318415142234.75
621435036328152.39
621435036157880.58
621967544179659.79
622018493326812.50
623544731675489.09
623544731390413.71
623544731832151.86
624782179725955.70
624782179346711.49
631229305738954.20
631229305124719.78
631987283227450.17
632295008105948.15
632481654257660.69
635752965359578.06
635752965141233.83
636087692339705.45
636087692112289.13
637624644455195.36
638323057220302.68
639106352136776.07
639863652101699.81
639863652186449.37
640296389769483.91
640296389102457.78
640296389566673.02
643780731115462.99
644375478371622.49
645141474239214.11
645171319460664.82
645171319196800.37
645171319269564.06
647684066573550.77
647684066106521.53
650275710795994.37
650275710358985.90
650275710393967.76
650825130505786.79
650825130722855.59
650825130411753.13
654751100225385.47
654751100299577.99
654751100108107.16
654751100376238.42
655015427293702.33
655015427181608.99
655015427150738.86
657717831298565.52
657717831100218.00
661371803288118.85
661371803509360.41
663099628125291.25
663099628159868.54
664704523717043.18
666163731412747.45
666713328195697.16
666713328209185.05
667125327187006.74
667125327208145.47
667125327544213.86
667125327126684.84
667125327420736.62
668975990470305.85
669330235114447.31
670886330102700.15
674252723103510.89
674252723218810.01
674252723508550.39
674269389100031.88
674269389511517.10
677308025605087.64
678331562437306.53
683783421207808.88
684051160527306.98
687051228141780.16
687051228190744.93
687051228124262.02
687844703673981.41
687844703100481.67
688045796310081.16
688045796213106.45
688045796158281.28
688045796297893.09
688934511204720.47
689530017229108.18
689530017638720.51
690445256613640.01
690445256566362.85
691505122227053.88
692813473298473.73
692813473251385.72
694666401359435.10
694666401227009.11
694666401289555.89
694666401302612.23
695721158143571.19
696737516135828.77
696762410156996.40
697268393110365.68
697268393524372.57
697507876193795.85
697507876432652.64
697507876136823.19
700404816449296.14
700404816440047.68
700404816615432.34
700769920321751.90
703509375445745.48
703509375164663.81
703509375230676.72
703509375348371.62
703509375213949.80
703711397582770.00
705077862431930.09
708860887205973.19
708860887117890.04
709753591320719.24
709753591102126.69
709753591139645.09
712104267100103.52
712104267125295.93
712686604365628.27
712686604243494.80
715079332142759.02
715079332487830.71
715079332146255.80
715155736171268.48
715155736107626.53
715155736187832.21
715745746558232.22
715745746180461.29
715745746311900.31
717732308153756.76
720638406186492.46
720638406110162.71
722593429168877.27
723153061136357.76
724100989248125.20
724100989150873.29
724554875365511.92
725651968147047.09
726534543500377.49
726534543338310.56
726536216340038.83
727338137721589.07
727338137352327.56
727460616572320.66
727460616606583.51
727460616198544.83
727460616221429.21
727460616661680.30
728010978366632.35
728010978645877.98
728066349641783.48
728066349366629.95
728290540108667.20
728290540101893.62
728419424184961.40
728581698146354.84
728581698179538.57
731333851209050.36
731333851403475.57
733212816157802.16
733212816518764.82
733279489298959.85
735416192118065.96
735416192765949.14
735815836191369.12
735815836701521.55
735952744122304.36
736105066249531.20
736105066516906.07
737774362130199.42
740892337321000.74
740892337149435.45
741714598469695.45
741714598114864.17
741714598328443.65
742107910214149.18
742107910172288.51
742107910178304.48
742325919168659.55
742456291320522.65
743605154173040.67
743605154461768.49
743793189289085.10
743793189320820.46
744080844276300.57
744719160381933.07
744886514366378.78
744886514417203.97
744886514358446.39
745820413100485.80
745820413213923.84
745820413176511.41
745820413123174.10
746772132290700.19
746772132533359.74
747484841504986.29
747484841314090.54
747484841157419.79
747484841187425.11
747484841111451.97
750482494432758.20
750482494256037.43
751107410163294.22
751107410451670.14
752909584600829.60
753497183275167.47
755416563134056.65
756409715188145.66
756409715253750.62
756409715478912.23
763126179232107.59
764284963309248.58
764284963413493.57
764284963687162.28
764284963558053.34
764423530317421.98
764423530264939.88
764766950102056.87
765191526277572.29
765191526122346.58
766272564189430.13
766272564666894.66
767090797293278.42
767090797176051.39
767090797329201.88
767559506231280.95
767559506721568.43
767560600197195.37
767923546126399.66
771243486315932.24
772027421125575.23
772153147102691.94
772153147146395.79
773516741124837.66
773686797217603.10
773686797105578.58
773686797197039.21
775854690257190.40
776612198411784.73
776612198508464.48
776612198330821.71
776612198314424.96
779898477178204.12
780307713218789.24
780307713238611.46
780564297122668.51
780564297107036.88
781466316756542.90
785197350183459.25
785197350199877.24
785197350335072.92
786411085401432.32
786411085369881.37
786411085189682.57
787277561304221.83
787448057109566.05
787448057765506.01
787760922236348.72
788447113227258.38
788447113180807.19
788447113188647.15
789835972238614.14
789835972705174.63
792126435266687.25
792126435582798.19
792126435620201.10
792368394443650.96
792744363238708.00
792744363120818.34
793913439294004.47
793913439359384.02
794920973167199.21
796309849657055.20
798927628742876.23
799353999763802.69
799447416598854.96
799447416413178.33
799493037362740.34
799493037603837.11
800263855274002.01
800263855915849.36
800263855477154.85
800602389301336.80
800602389790341.57
800719960393560.81
800719960283158.34
800719960486443.33
800719960369232.02
800719960526098.04
800719960760598.66
801071882213582.25
802764368124801.25
803192777750932.52
803824523640129.45
804301199465866.23
804301199224157.11
805107938317278.86
807200119388655.47
807653867525651.93
807653867152150.77
811375238101567.66
812342285401990.86
812342285380935.81
812342285352296.61
812342285410086.24
812469877333676.29
812469877113455.53
813920518422175.43
813920518142608.07
815870915194891.75
815870915205764.39
815870915635626.94
815870915239907.08
816562775106373.00
816562775308509.51
816562775363441.41
816562775139612.63
820522612100824.77
820522612380300.41
820522612551371.87
827692583130505.74
827924954151041.98
827936539360658.49
829088534228314.98
832048507111371.95
832048507707805.95
833743918402877.54
833743918340009.93
833743918233677.85
833786644179573.62
833786644291506.42
833786644160784.57
837956843241008.41
837956843101030.02
838038767350970.98
838038767221297.07
840052418129259.18
840052418468821.83
840052418214313.44
843039617443737.63
843039617321486.05
843039617365068.16
844946410115396.57
844946410124821.06
844946410432288.68
845007025209412.15
846251855682706.36
846251855130265.36
846251855229613.97
847566961199754.53
849037548187881.29
849037548395406.52
853800531317859.16
853800531435595.73
855341876124478.97
855602001484353.90
855602001835232.97
856453112185497.92
858619365758709.83
858732508550408.27
860583046167572.17
860583046105031.64
860734034377323.75
860734034119357.61
861170886122385.20
861170886416468.89
864088029106831.04
864408674797749.58
864408674211674.08
864780379144194.55
864780379150662.33
864780379291550.74
864780379109664.36
865845907100149.91
865845907343311.43
865921924183148.00
865921924183589.32
870308841781679.21
870308841566474.80
870308841729665.34
870308841153418.59
870308841308254.29
871029659243396.10
871712010174422.72
872643567135138.95
872643567319835.58
873722327217797.02
873983543111807.93
875501767522372.15
875501767175164.46
875501767163752.65
875501767302055.95
875501767102383.36
876982608122416.37
876982608127756.71
877735379437111.33
877847577348366.48
878061989118524.76
878534299192662.60
880075355700075.85
880075355267382.07
880075355362419.82
882053089729979.37
882234971389404.45
882234971244037.43
884259656144133.28
884259656274815.96
884259656117636.41
884563373130526.30
884563373354419.79
885514539120076.78
885613601777370.91
885613601118716.00
885613601139657.23
891172890595695.59
892768447100611.30
892768447267704.40
893441803663463.88
895334626114987.19
895334626117172.20
896018940403502.80
896018940135345.53
896259087520239.32
896259087129474.81
905129322344679.98
906471339112013.31
906471339826687.42
906471339365086.70
906471339202484.29
906471339306292.46
906471339112793.91
906471339232131.17
906725953163550.76
906725953285503.17
907135169136650.24
907135169404394.35
907135169137736.09
907135169206291.97
908450089550128.91
908450089481701.36
908450089385997.57
908450089611813.20
909570481347219.25
910985395129080.05
910985395509549.22
910985395356231.58
910985395264180.67
911398268582034.27
913977793287826.77
913977793430578.60
913977793448349.85
914557218447886.50
916303780243570.46
918892608329467.21
919465042116165.65
919783045385936.56
919783045214470.20
923474867619423.94
923474867243158.73
923698643115800.23
923698643356794.88
923698643114036.10
923698643114831.91
924705809259915.95
924705809228884.31
924747060644129.83
925380943527806.11
925380943148596.36
925380943692107.72
925380943175080.49
930363959225461.22
930363959414990.00
933389717120147.95
935560774126451.61
937277590283065.20
937277590564145.02
937277590259393.92
938084343295723.59
938193381574971.14
938193381427010.14
938586701182504.62
939409678721555.73
939409678568245.06
941366519197193.42
941366519402493.33
941706245453329.19
941706245165330.07
941706245689901.71
944771490244147.00
944771490827678.99
945122047114093.13
945122047273281.65
945122047112405.73
945122047119768.57
947336821100263.00
947336821191845.30
949957077104849.16
949957077202010.83
951461889123277.55
952093581104289.60
952093581416527.37
952827865234459.74
952827865118103.55
952827865135085.02
953276484519392.70
953276484163083.16
953551961348134.85
954384924288414.72
955667028142528.13
955667028156476.68
955829535517144.58
955829535290598.78
957725074194548.63
957987877111038.16
957987877203596.46
958140136222007.67
958140136127487.29
958140136173871.40
958140136448959.85
961832280177402.36
962693075591028.51
964957760299770.38
965364270485270.07
966461342119627.94
966461342138550.33
966461342456667.96
966461342203862.91
967522635535748.58
971155310224511.35
971155310101913.29
978008602183072.83
978017109117551.89
979709064305602.13
980803054167860.65
980803054224604.47
981162480182496.16
981166685550976.30
982766375110852.64
982766375339772.10
982766375122437.76
982994214454482.13
986310355133804.01
986310355145357.29
986611199142236.26
986611199564284.30
986611199645038.31
986611199264354.39
986611199356682.99
986611199412372.56
990095516223901.81
990095516276984.05
990095516121111.58
991842459829346.57
991842459276691.97
992366063109236.45
992366063467169.39
992366063786415.66
992484817109131.82
992775582818316.57
992958791538496.09
993163024139029.57
996402539579133.03
997660003158691.44
997660003208949.94
997918938108187.76
998254744211773.51
998254744724346.34
998254744294903.37
998943288179339.16
