101156577125117.55
101156577472466.05
102981320373435.64
102981320624925.89
113306414108342.53
119498741559207.02
121001410272615.92
132524384522425.54
147949197431015.20
162541070108579.73
182774156130083.31
185152448399260.95
199152613260397.26
200146461319372.39
205373035411993.80
214875375429521.38
231214121117544.80
233179776188150.86
241633719258025.79
242612545290616.08
253356546100494.68
253356546164614.54
270193205683793.71
270329525586134.86
272709278419000.57
273445992314985.58
280903690193939.07
291250183374343.95
318614657303243.74
336801473193236.17
342896477125465.27
349996174142121.95
376923868146921.20
387186313122072.03
391123961144218.63
424426699396062.26
424687486124215.93
428026116540935.41
430429762630428.11
431781818122837.29
434306159455051.36
467196963242361.53
467196963575820.56
473901580370123.69
473901580601439.98
496863696188815.10
504584172482739.79
505731999138846.94
507517153101670.47
509446156198437.48
525361683109766.91
533172258166488.71
546254123135519.65
556537470293794.80
556605206111168.95
566125962100889.91
575858400145427.85
578677978287820.10
578677978447857.42
582433833304894.20
596116932638260.03
601866754109104.08
623544731112282.63
632295008367392.13
637624644108590.10
650616593102388.95
672665835105163.01
689530017113264.18
720978012194709.67
721700362424812.13
724100989207814.26
732987378563128.91
733279489137520.48
767090797531980.32
779898477540376.41
781466316250194.05
783558945320249.70
787277561375774.08
803192777652380.71
813061542263753.27
838515118424246.56
858096665110415.65
861673124101332.56
867061858106606.87
867061858152436.42
873983543410512.98
875501767630620.30
882053089615178.72
883906066296411.54
892452887845716.64
893082188177907.00
905129322376185.69
913977793273269.77
938084343344528.59
953276484106043.50
964957760368468.95
982766375142816.34
986611199561034.32
997660003916766.07
997918938362647.00
