101596937159389.48
102417505354194.55
119016727110472.94
134053382249343.51
138693034464837.48
147626232278881.28
153925503400965.43
174883568157775.14
188334686197983.41
204235604219141.33
220072911295347.87
226296901385168.68
231214121111180.42
231214121157849.89
246578626201330.85
246578626442266.06
247591311244428.80
247591311290705.56
249420279338916.86
252146182587379.61
260220807133509.40
275411499121392.38
305260427158331.43
305747566244450.77
307552687385974.14
319656394287239.64
349996174701489.00
359988945181962.76
373740433273881.21
374363533585667.63
391123961185273.36
408354382190968.35
415945167366864.47
420096621101116.66
424293071337543.71
430429762158802.92
465082059545082.82
468868295133414.66
477127591132805.28
486364990613293.76
487578976113129.04
491246623712295.03
503832403142033.37
506460140385515.87
519289907101771.22
522078050502426.38
522284048147575.91
523628542165537.46
526668130103463.86
532472558118306.47
546254123266181.36
554268365251502.92
573251199164428.10
582433833154528.57
591566736332901.71
591566736375108.14
599199529203959.22
607784672132768.14
637624644451737.64
639106352598756.13
655015427119326.53
667125327897405.05
672665835275146.40
688934511107771.19
700769920449183.32
709632903367027.18
712686604113309.66
714573514153329.47
715154514492519.01
727338137349281.09
728290540119353.18
740892337278204.33
740892337510054.50
744111618128518.19
753497183364445.91
765191526430508.85
775854690211483.89
776612198136624.72
780307713172256.53
799447416482074.46
802764368381069.13
807653867311605.13
811375238216061.26
816562775340450.45
826458235128250.55
848425763478858.00
875501767571703.59
891172890131657.15
920265619221109.64
952827865820173.74
955667028114886.31
965364270424956.28
968882645714909.04
971155310588512.19
978836641148587.94
980803054388219.39
990095516156286.79
992484817486508.15
992775582283990.56
996402539771860.57
