102260703105637.56
106055610249871.94
110214774461218.90
110765917185189.08
119026684692136.50
135196155123786.98
143213151163100.82
164904976105409.25
169154377362814.40
179762367530245.34
189515767671454.73
193262678203593.03
193262678358609.53
199152613374296.30
213396943144944.89
214875375565021.37
220072911178361.13
247889291273765.18
253356546180103.26
258550326151052.23
266312721275546.30
270329525486689.08
300069649157498.63
300372299342047.73
308056990195375.67
309594392218299.38
310209435102829.74
322087967151974.30
334193213441241.43
335537630864311.94
342074651235602.84
356203328311394.86
356708742334536.54
376923868237802.20
394188633156458.77
406053005147540.71
418405168606143.51
425263826101590.67
446667759157103.23
450033863247207.76
453124762283338.95
455563512312911.53
488775063195078.42
499053599293494.99
502176650194471.17
506460140234926.80
511077882174331.06
519289907131719.47
525926278436482.85
535091207119011.90
549249535115025.91
549249535474783.89
553656369302015.16
560162315703919.71
568079403525147.55
573251199174974.84
573251199244321.56
591566736105079.93
592244826149654.44
599814919281464.20
609956325298621.12
609956325896537.88
621333885749782.22
664704523401487.05
667125327113887.08
697268393493903.95
705077862147826.36
720638406352086.35
742107910138541.20
743582967324759.37
753497183149298.86
772153147169022.96
775854690134671.69
775854690165588.29
790352185104288.58
792744363139216.95
795453330305004.81
799447416113752.92
799447416748812.78
800263855357395.27
802764368218542.21
813061542449474.58
829708620235660.40
833786644362867.32
837956843342470.48
855602001173869.53
855602001506668.58
885514539137706.00
901355839421487.13
923474867163382.93
923474867465369.44
923698643166143.69
930363959732729.14
938084343321127.82
944771490306423.45
952827865366845.81
955667028137883.07
957725074260331.18
964957760302583.39
981162480153477.86
