107304349408752.83
112836089141881.20
119498741158640.00
153925503487920.42
161100836571583.95
161415507846377.32
163061073710526.25
163061073847006.24
165258260344496.58
183908839126268.54
211473251532009.24
216594016637930.42
225086135203222.16
231403051390631.99
240606459389264.06
242190041156264.34
250189385672002.10
251687419245112.81
269555399207407.20
272709278527119.19
273918930147593.02
275411499373185.82
281436615299481.12
302873488279755.27
315846409106286.49
323848130103056.04
336960695183739.34
341952800428629.59
359988945521017.09
361194255110468.14
366746235246929.06
378497248262827.83
383373004111502.97
419600217108467.89
444632472552732.97
446101021169673.00
456871046814720.00
468868295144542.43
477605614477532.03
488775063458604.83
498548222116603.88
498548222271596.35
503122533452534.17
508860646111861.28
511077882295194.58
525926278709026.16
535091207101586.68
548129152132708.18
548481212247314.29
549243175103583.96
560672299105462.17
567139088442882.59
572337884529366.97
591386815255806.58
591755775322946.30
591755775502204.05
604314812368257.97
607424818234317.66
612217407316439.29
613510744103552.32
621018422384992.99
622018493163605.38
632295008152322.30
655015427484028.07
683783421329050.43
690445256539435.87
692813473731431.55
695721158404899.48
703711397177065.13
709753591369405.15
712104267233320.31
715079332586797.37
724554875356247.47
741418570366544.37
764423530488582.90
767090797483162.37
772153147551804.31
774369338146070.47
775647608111592.01
787448057184172.40
792368394260851.20
794920973289910.55
812469877320472.89
812469877405393.73
834417306298808.92
858732508207326.41
872643567387463.63
874448514124407.51
875501767508640.78
884563373107140.18
884826319380489.09
891172890102834.65
895334626167986.14
905207705283622.06
907135169270387.05
908450089650370.68
939409678220818.80
957725074100740.49
957725074235966.13
966461342369750.77
