102417505190091.82
106055610154155.82
108890991590477.82
121001410334298.02
122103994353943.49
130353627163322.50
138759230239630.21
140787251250412.24
154586988582947.65
156101978873012.85
165258260128898.38
197904816160029.34
204235604570143.93
215647935165626.30
216594016116778.01
225300737283069.56
247591311690638.75
247889291565231.52
255125620109024.71
255125620549032.48
269437650326624.45
273918930100307.92
287194096151762.50
289120238103094.86
302257891747465.03
323848130228840.69
337491743151051.00
347564606495720.76
348746404341479.42
356708742122044.19
378330817395163.19
394019296206264.57
408354382263787.47
424507928229176.06
427992830152264.44
429444957739815.06
431781818103898.76
452907513271581.48
453124762345790.97
460129470139025.58
468868295118115.32
472672595187346.38
472953771289865.60
477743286184268.89
485692569105865.24
507517153233718.02
510332426294159.35
523628542398172.08
527367550393399.15
532472558305406.55
549249535571478.60
568121813264347.40
571264525118977.76
579716532744465.70
582433833400951.55
593771725192816.67
596116932422031.44
597700047387531.68
601866754215410.47
621018422171526.07
621018422851568.39
623544731140535.36
631229305671975.51
645141474181626.51
650275710269873.47
657717831269225.78
671538009537881.23
677308025172202.76
691505122115404.76
714573514123978.23
731333851585100.05
733212816133227.55
741418570176042.50
743582967298708.32
751107410441082.55
755416563142951.34
767560600475076.18
775854690721277.48
779898477469921.42
779898477651054.40
783558945457524.88
787448057295767.31
793913439194023.99
800602389461960.10
800719960240075.63
802764368261961.41
807200119348425.24
827924954370317.52
846251855106366.63
856453112198899.37
860583046462124.26
874448514408127.96
907135169635484.44
923698643821524.16
924705809156313.64
930363959228990.34
941706245509950.38
992366063684850.04
995876448205380.27
997918938298615.17
