100075100729890.86
100803031317321.19
101596937329835.45
107019140374058.40
107304349148295.26
107304349563675.32
107304349960608.88
118365161382095.16
124915162102812.26
159880267467522.62
160594018163168.74
163232964250366.52
169154377213073.59
183691383632046.72
186382757950696.05
197855977136865.62
208252813521659.73
213602432490246.94
213974503389630.69
246578626650853.04
291250183275835.86
297330673352021.43
302873488123707.13
311939514159423.31
323670838505897.56
327010449505703.43
335715381140780.47
359988945107953.03
387186313463087.74
390772134715861.35
404175752160807.21
404175752726126.62
416461717108125.45
418405168224626.88
419600217137225.22
424293071268378.83
446667759564470.29
454505347127740.09
472446118357121.18
476873067274933.89
485692569312616.11
491246623110144.29
496808525511075.32
502176650207913.65
505967417174868.46
508860646227493.48
525446383154863.42
527367550104128.26
527367550163489.34
532377979165461.56
540275431110290.31
541413187318814.13
544528724268789.62
546254123431418.07
555415591276850.34
555790640624595.31
568079403115209.69
571264525198920.51
573251199785367.50
578256628172193.65
582433833124324.10
609357423240091.99
613510744203942.35
614168147425660.17
626305925294612.01
637624644140755.85
645171319131667.73
678331562153378.24
688934511102144.88
697507876149750.16
709753591577144.50
715155736234584.46
720638406699476.55
722593429157564.55
724100989555195.92
726536216318621.03
736105066127292.17
742456291108196.00
743582967539690.63
744719160397239.51
746772132250007.74
752909584482134.74
767090797125817.94
775854690574054.74
776612198123999.11
779898477226503.93
781466316509946.48
792126435348090.79
792126435469567.16
829708620193997.94
872643567337325.35
877735379114651.34
885613601360377.80
892768447152090.22
896259087826568.09
952391123105862.47
958140136357869.26
962693075101046.87
971155310642226.96
993163024275140.76
