107304349106134.03
117438597464731.33
121001410567313.91
133904151516154.32
135196155276550.41
143900095113318.21
143900095238554.31
144086960136025.34
144086960749166.88
149086189256443.80
149086189347507.98
150391254107295.59
151926654208338.22
152798968107238.25
157898134354426.48
163061073194767.09
169338279286328.56
169338279489935.83
169338279711564.23
174883568173410.32
193262678124714.09
231214121730590.65
233179776105282.85
234380094196902.14
241633719658701.12
242612545506026.75
246387732127594.95
246921183717179.96
266312721715939.81
280225069397098.97
280797933202672.69
297330673173517.42
300372299216591.41
323848130106050.39
326213588318639.08
344397779334257.50
347564606180823.79
348746404460390.13
360760357122332.21
375890823103779.09
378330817103325.03
415945167108247.58
416461717305306.38
420541052170516.20
423485116558548.55
424687486157371.23
425836396191288.66
426198015280437.61
427653658516608.93
430429762421433.81
446572198205120.11
450033863224740.15
471857970292622.22
488888112609125.83
503122533170908.19
508251419138975.90
509446156192079.21
510332426382710.45
516257727157695.01
522078050108776.03
556537470161874.67
564933553136728.44
572804719240588.25
575858400255369.57
575858400260391.51
582457800395242.21
583581204137921.79
591134335546544.70
596116932282146.93
671538009106407.22
671538009735073.25
674252723516480.24
687986102162258.41
700769920194724.95
703711397272799.32
712104267144900.96
723153061395289.77
737774362528380.71
741118256569039.10
745820413224816.43
774369338147071.71
792744363176775.16
803192777117655.48
803824523192084.82
820522612174639.50
835653081906832.47
853800531192366.76
860734034203750.36
865921924297897.16
877735379284365.95
890228256172131.68
919783045108947.98
919783045410833.06
935738051193787.50
939409678786384.72
978017109222645.78
996402539712235.27
997660003354337.37
998254744435153.38
998943288347445.26
