102981320123362.77
110765917215282.28
117438597587467.67
118365161161396.52
139315404376748.43
140787251309410.42
145294573186016.08
149720314268468.94
155296524466989.91
157898134765837.54
167640157321584.49
169338279459708.01
173696140204078.86
182774156204428.44
188334686162645.50
189515767132658.73
199152613716908.00
213396943499366.54
220072911389030.64
225086135135884.84
225300737277467.16
233179776185632.82
242190041268007.17
242612545923499.81
244846436111059.94
244846436456965.31
248938351385953.76
249420279175897.64
252146182308186.69
268908366323964.98
270329525122908.00
280661619304067.46
280797933121284.06
281506639479718.36
285241161450840.30
300069649752947.65
315846409201926.71
318614657458890.07
329371056380552.32
336960695480195.04
381543660100168.85
381816324202341.27
394019296163911.26
420096621188798.76
426198015124241.40
429444957309656.15
444632472132739.80
446101021152960.31
454505347643957.91
458314948567479.43
458314948760484.12
494404564261819.19
496863696583452.36
496863696839551.62
516257727239369.97
525926278724583.76
533363124675038.61
536388893255052.33
544397782162487.47
570950541625238.91
578299020243482.10
590474012116402.94
594043398113421.52
594324319608955.94
611824131223615.78
616044848478838.13
667125327107084.26
695721158209823.03
705077862276890.88
720978012220757.08
731333851424649.64
740892337210587.60
744080844114335.05
753497183550229.75
767560600150025.09
773686797176414.71
774369338273674.41
775647608148260.94
780564297539238.75
781466316179380.52
787760922193626.80
792368394181732.44
792744363119403.76
799353999253551.16
804301199220896.97
827692583164143.70
833743918756970.50
853800531331663.57
877735379496750.17
877735379754209.00
892452887340177.40
941706245100564.66
953551961374135.33
955667028197764.19
957725074113924.70
958776195223089.07
958776195333672.07
964957760313717.88
965364270243875.67
992484817527755.00
