117438597716539.40
121946888171239.13
122627851140238.95
128053188157666.16
139450583117820.67
144086960114442.63
145294573663727.87
167640157749498.14
173696140150478.39
183691383223355.17
183908839205734.40
184410327132213.63
185152448138124.16
193262678876652.95
200146461222137.62
209331946256269.01
216594016241874.95
236930781125429.81
252146182166662.69
255125620103364.70
263492694567123.58
266312721105417.49
270329525219400.52
280797933282599.12
287324315312361.24
299490674781880.13
302873488478948.85
305747566207389.32
310209435206843.29
310209435343141.06
318614657240564.49
373137581113020.30
381816324427164.38
408354382477813.14
426198015393989.91
426827475129391.71
446101021466058.60
446667759129025.45
458314948350100.04
462462168252918.14
465082059185567.87
476077303252202.93
493683428117200.17
496863696150278.44
498112669201376.77
502176650910243.73
505967417128339.32
506460140472751.77
519289907721921.51
522274769243037.52
525361683219144.72
568750929510467.39
570950541120425.85
573070853610960.99
574605206129250.04
578256628126110.98
585064535427650.48
591134335104213.07
591134335440257.78
614497745645364.05
626305925130282.62
631987283655472.46
671538009100267.48
692813473260708.76
697268393174446.55
697507876554949.40
714573514277918.63
735416192213883.28
741714598289473.89
743582967172790.34
743793189138908.00
749024226179586.00
750482494218384.15
753497183117993.23
767090797289578.23
767560600235597.49
773686797551607.15
800263855341599.12
800602389112166.76
800719960102622.01
803824523288960.24
813920518406869.56
827924954114864.34
844946410294533.71
845007025109595.43
845007025195564.94
892000970589856.07
893441803453725.96
901355839307548.67
919002406209848.54
919465042363678.39
919783045111296.73
920265619153535.88
938084343115732.80
948481987481798.61
951461889220761.84
965364270330866.52
978008602230391.75
992958791341578.65
998254744186783.09
