111374881436557.12
128053188109875.55
134195087396810.58
144086960151742.22
154586988415460.37
161100836108300.94
162541070522439.62
167002917387202.47
182774156365919.17
184883882538612.66
189515767293165.67
197855977373762.15
200146461836310.69
200675412753760.15
213071140533872.58
223218265487361.93
225300737373287.24
234742004297195.97
240606459294888.98
244846436229765.68
248938351217806.53
248938351469319.25
256617553584120.18
294948581481336.96
305260427238200.94
305747566219834.59
308056990183209.12
308056990600951.45
310445634207255.49
315846409161835.09
318868292211454.77
334193213266613.93
341952800371379.75
350620769251236.27
364950395111483.00
366746235341837.06
375649427722885.80
422294374145778.89
424426699174104.62
424426699644141.24
427992830309413.57
429444957467440.21
439202619226412.69
446572198358934.57
446667759193738.91
456871046118564.37
462462168177137.45
466227501102757.07
488775063217872.90
516628786157330.99
516628786203659.24
533201440153295.50
540275431347417.80
546932506247099.58
560162315100369.63
567546933197013.88
572884241383002.98
575858400132434.27
576637740266639.52
591566736270142.98
597173782113927.80
614168147117763.07
623544731223232.68
636087692105176.76
657717831313307.74
661371803248587.59
663099628887764.78
674269389305694.45
680853772314920.33
695721158209026.99
697507876189245.23
715154514121276.30
720638406226543.98
743605154884294.21
744111618179028.10
746772132397408.46
772153147662135.45
788874963236404.34
795453330335986.33
798927628652123.67
804301199173960.35
832048507516071.89
835653081314507.28
845007025194440.86
855602001120923.00
856453112330908.51
864408674101812.75
866362412187844.24
873983543188523.26
892452887379644.18
903491103417206.67
903491103468364.84
909570481274889.30
948481987104171.60
951461889125314.49
955829535251238.51
958776195101118.48
958776195131325.64
965364270279013.50
992484817194992.03
