108262806127694.71
112571729137657.41
112571729601165.59
122627851263292.31
132447352143761.34
134053382188407.40
134195087284949.22
139315404849659.36
140787251401067.58
161415507243094.47
174671762159260.14
174671762247568.16
177510149266508.33
178758666321677.22
188334686192573.99
200675412126273.41
216594016114135.61
223218265873724.05
233967114346344.90
238163265626482.53
249111475339671.71
266711588322850.21
282441191297896.20
302257891468796.85
310445634275697.18
310454191125227.04
356708742350349.87
360321320426536.92
363593682227894.38
373740433657891.31
373777889484627.38
391123961277994.57
396984280230368.59
418405168215570.14
472953771180567.82
473901580252826.12
488888112100075.99
491246623131364.90
499053599103331.44
499467860251237.80
501158925508038.43
503122533234462.04
505967417233066.41
508739487774190.27
510332426337741.00
510332426508353.62
516473646569849.95
522274769455468.35
522284048109650.09
556537470141885.05
560162315246753.11
576952335215574.32
578299020212078.16
579716532167375.68
593634266102080.49
593634266127705.77
594043398101072.04
597173782115460.40
598188631314395.92
599814919571972.24
684051160861036.58
690445256153293.77
694666401178343.07
700404816125708.55
722593429475380.81
727460616124634.59
728066349450417.04
736105066355331.52
737774362282259.55
752909584124684.66
755416563282570.88
763126179590382.50
764423530138740.91
764766950138168.29
790352185110368.12
795453330178207.41
795878382126419.77
801071882240835.82
807200119279374.72
811375238827577.90
816562775459200.37
835653081197898.25
840052418113751.38
842240339355001.80
843039617328066.40
844946410219533.43
858619365611461.13
864088029752100.39
864780379333158.42
893441803192924.81
908450089145210.75
910985395136528.73
910985395482976.09
933385473314423.02
961832280245335.78
969405609236922.01
979709064102176.49
986611199238550.53
993163024326679.89
998254744343928.57
