100803031497826.82
101156577113691.83
107019140305934.13
108890991124573.08
113959481214177.41
129254821262853.49
153925503153014.07
161415507389431.31
169154377674969.74
171346863148424.86
182774156123106.09
185152448395739.32
185152448402197.63
193711006406542.21
194810104170218.04
198855106159469.33
206331108468623.11
214875375301814.31
215647935421185.24
234155102183159.70
234380094109140.36
236456055254724.73
252146182128715.95
272709278127879.95
291250183194395.41
299692662714768.50
319539594117729.63
319539594371444.13
328354088486342.29
342896477306595.57
344397779188215.76
359988945106145.12
373777889761807.25
376923868113928.58
391123961234255.84
399791202155429.89
419600217219687.90
424293071126115.22
427992830107579.61
429444957183351.26
444632472164041.07
453124762326097.50
460129470487247.84
469457644383126.15
476077303219332.77
492413974137960.66
495390908574321.11
496793622328383.21
502176650144591.28
508925718556117.48
516473646400749.28
536388893282803.17
572337884101013.34
572337884298336.04
573251199206945.75
587327921385757.72
592244826444684.58
593634266254965.34
593771725173891.16
596116932326683.61
612217407103694.60
621018422769630.58
621333885111427.35
635752965119471.86
636087692388964.47
655015427486159.28
674252723368321.61
715745746115687.91
731333851162462.95
733212816149602.31
735815836436773.11
735952744260165.66
736105066520917.22
743582967134673.79
743793189267424.53
764766950416375.35
767560600173576.23
775854690111108.18
780307713435896.70
796309849125801.76
798927628153473.58
832048507677188.53
833786644161003.59
834417306290623.04
845007025623391.08
848425763249929.44
853800531416489.00
864088029837250.16
880075355139813.82
884826319115960.50
896259087159190.56
929784486119234.20
935738051168898.87
935738051213396.38
941366519379688.46
953551961512999.77
954384924201341.36
962693075104953.70
979709064180867.59
988676105131392.23
