102981320158734.13
103880243258605.34
108890991744014.74
110765917868612.09
112836089188759.97
113306414608409.33
145294573392078.44
149086189264203.28
150391254302956.91
163232964181543.94
163232964277024.98
167002917655649.09
168112199513741.38
171346863394668.35
178758666199564.83
184883882137025.83
213396943279176.71
226296901163578.32
227024004330567.25
232534761417209.92
236456055610674.85
260220807152481.29
268908366243830.96
273918930241607.80
274765790149050.45
280903690277389.64
309594392313896.60
310454191209365.56
335715381136065.10
342896477410903.64
351530440237653.30
356708742173868.62
375641375102313.04
381543660311355.24
404967312120860.30
415625092395560.63
419600217263337.82
421251419112557.19
428026116367200.02
450033863145162.99
452907513190227.71
455563512191980.15
471857970797730.35
476077303691253.13
477127591168624.94
477127591309681.03
485170462661221.65
486364990180135.63
489537808142645.06
492413974331203.65
496793622101590.34
499053599277787.38
502176650493023.20
503832403211175.00
525926278445105.54
536388893504435.70
548129152302107.34
553656369124716.25
567546933102374.17
567784105100714.03
578299020101667.55
597280119137624.99
597961118108519.54
616044848104847.79
616044848957649.96
621018422266494.60
621967544183279.28
661371803477926.43
695593032120542.20
700404816107078.15
703711397382313.07
711042412212551.59
712104267523507.48
721700362248246.58
727460616416505.40
736105066448148.15
743793189328807.04
743793189456819.15
750482494236070.71
780307713410555.87
788376313368621.80
795453330175869.13
798927628288287.91
799353999190246.85
813920518117549.43
820522612392697.11
826458235566928.09
846251855220359.14
860734034509226.00
861170886154893.68
871029659109037.81
880075355146308.90
899424928265119.60
930363959106195.00
938084343111972.19
938193381171902.82
955829535124262.94
980803054204204.19
984950748408263.82
995876448126316.77
