111681384331167.62
119016727138085.10
119611116591843.08
128053188146862.88
132447352430444.58
156184156298540.69
171346863352653.76
174883568694408.31
175584179347596.93
209331946165819.46
212331880410336.27
220072911114693.15
220072911231275.46
227024004270155.77
234742004121998.96
246395504270201.97
249111475246582.50
250503993170686.81
256617553397307.76
266312721101434.26
266312721121088.29
270193205324226.65
273445992152658.48
275115779658812.26
299490674123215.23
302257891438733.39
329371056271425.96
329371056407823.30
348746404174894.42
364950395225135.45
387186313125723.07
388235755140235.36
394019296297837.31
402010932112346.10
418405168254971.79
420541052644368.31
433249952215945.12
455563512439421.91
455730993139963.81
462764033276059.05
510037513564534.70
523628542283244.24
546254123294967.86
554268365785935.56
555401971183608.73
568079403307917.37
593634266154724.39
593771725683162.62
599149683104649.64
599149683516410.55
604314812268974.96
607424818180650.20
607424818640376.43
609357423121971.70
613510744446735.82
621967544279726.50
644375478309876.17
655015427154241.76
661371803100825.50
667125327155098.80
671538009144910.80
674252723134233.39
674252723532062.10
703711397180750.71
705077862824810.54
711042412517143.90
715745746101773.65
717732308125916.34
724554875151206.24
727460616498295.75
737774362177556.80
744886514228872.05
766272564114285.36
773516741672092.46
787760922222030.96
787760922887969.37
788874963172141.05
794920973165931.51
804704037119414.06
829088534307672.99
829708620152570.62
861673124378132.26
866362412512107.20
873983543684327.16
875501767431700.35
890755827180324.60
892768447122412.81
893441803683544.38
906725953106391.12
906725953248637.88
911398268659731.72
937277590253916.53
938193381161493.37
958776195833661.22
961832280318888.40
964957760365093.42
978017109209961.30
978017109281271.40
982766375509168.79
992484817267176.69
