101596937202657.47
102260703189311.56
108890991669840.59
109663353541770.69
110017382213968.77
117438597707917.87
137281364337685.07
147949197240874.26
149086189552156.32
159880267439143.56
171534295415258.94
174671762246460.27
202257991437461.13
212331880416393.33
213602432137803.57
251687419444074.64
255906899641693.39
266711588206921.35
266711588708733.22
275411499253897.49
276903838260774.30
276903838270114.41
280661619653873.32
286357906128306.37
334193213282650.75
335715381356892.70
336960695753793.76
360760357194386.33
363593682932771.72
373137581343830.48
378330817612978.39
391123961605533.56
397308858706899.33
401214573665813.99
444632472180681.46
454505347410067.21
455730993144200.12
462764033590453.69
466227501106333.41
467196963110125.74
488888112154870.48
499467860227990.76
508251419391561.43
511077882130841.57
526668130133239.57
526668130505128.92
530289161242162.14
532472558480221.15
541413187526150.01
544397782521357.56
544841969671471.15
550392053611359.06
556537470682654.95
556605206231716.26
564933553125566.46
564933553496749.83
569486726114175.12
571264525826727.70
594324319180228.11
596735948153626.66
599814919123318.20
604314812172709.71
626305925112146.66
635752965205163.99
636087692444654.50
668975990336627.93
671538009606396.04
677308025177341.99
680853772556820.84
705077862246186.18
726534543174774.12
735815836249000.67
740892337341717.82
764766950747239.65
765191526257367.97
766272564260862.82
767090797186065.59
775854690244431.49
787448057130262.54
788874963236548.00
792368394153901.62
799353999214110.09
799353999479086.63
827936539137230.76
829088534104625.92
829088534333795.89
829088534721388.77
845007025747057.57
848909968171455.46
872643567104304.71
872643567174978.54
877735379553242.59
890228256276589.86
892768447126460.18
896259087675873.34
913977793199633.75
937277590446598.59
978008602312081.39
978017109665230.86
988676105604387.21
