104518388203508.31
108890991188678.47
153925503149522.74
168112199416428.58
178060486123819.03
182774156234273.67
184410327169487.82
186382757159243.71
197435531183886.36
198855106447396.71
227842032293290.54
228054518428303.75
236930781116814.82
238163265103670.20
242612545296490.83
269555399208638.29
280661619314573.12
289120238299049.46
294948581192665.45
314940761169495.34
315846409175454.32
326213588105740.46
334193213252578.96
336960695105029.20
363393550111964.77
366650656206524.84
396829952190366.58
404175752371003.08
408575433587155.25
420541052101120.95
420541052687503.69
422294374160696.71
422294374481309.10
427023543781281.20
434306159909419.72
458889106333064.51
469670122433669.26
485170462269248.43
489537808302479.54
498143404124306.11
506460140215812.63
508925718225991.63
522274769472838.48
535091207731427.24
536388893515780.02
549243175364849.42
556605206220562.15
567218651652055.20
567784105328491.68
572884241464066.18
597280119310971.57
612217407444772.74
631229305545211.51
631229305898610.00
632481654169186.26
644375478151799.19
654751100155044.79
661371803127651.12
663099628114093.83
703711397126985.67
719921851282939.21
724100989803743.14
724554875287430.90
726536216112045.13
727338137105013.68
732987378108166.10
746772132432374.87
752909584144815.49
764423530424438.50
764766950201574.14
772027421127653.35
772027421572941.66
773516741105732.68
773686797454549.38
774369338607150.79
804301199109235.00
804301199216905.41
815870915546576.56
820522612162306.56
829088534520179.52
832048507198685.11
837956843412295.61
849037548142950.26
855341876355920.00
871029659140640.21
876982608146322.35
876982608347941.84
882053089118989.93
882234971218173.20
893441803154030.26
933385473115248.84
933389717116590.80
949634743664456.78
949957077334962.79
951461889460320.85
951461889485165.68
968882645220681.43
981162480177734.76
984950748119576.62
993163024186069.16
