111374881192561.60
113306414697340.15
117228782267138.20
119026684423155.79
121001410482510.50
127662812212055.83
129551756241866.10
129551756521096.49
132447352523457.63
134053382238830.02
134195087845758.68
143213151212269.83
144086960190627.95
150391254194442.23
152798968164315.34
156101978807392.75
174878306313682.66
174883568816899.22
177510149244981.61
182774156145491.68
188334686254930.77
225300737576063.45
227842032131393.31
234155102313039.50
246395504423704.74
253356546314698.59
253356546537765.81
253356546599673.94
258550326107001.51
259683861101907.81
260220807211409.80
281436615504825.10
299692662352418.61
310719616270948.78
345774001431441.91
348746404465225.95
366746235144367.60
387186313124946.02
390772134263011.49
397308858149236.10
418304933113071.36
420541052200255.72
426198015247565.95
444632472311870.00
458889106194903.33
466227501155797.61
473901580277016.78
498143404472294.70
522274769189202.42
525446383280974.36
548481212472734.14
555415591154790.24
555790640349350.84
564933553565325.72
567218651529475.63
568121813235365.00
569486726111788.91
575858400231471.15
587327921236726.99
599149683222783.49
599149683223992.14
599199529423511.70
631987283338192.39
637624644403172.65
650275710389675.77
650275710682181.58
650616593309738.50
668975990118941.61
687051228411112.00
712686604851746.14
722593429535789.39
735952744107466.83
765191526334870.17
772153147750345.88
787277561562705.26
787448057198828.15
789835972271448.47
799353999429771.92
803192777316522.04
807653867181506.33
811375238108003.96
829708620299272.10
833786644147459.54
840052418280842.53
845007025673073.51
860734034645733.22
861170886915854.72
861673124746142.95
882234971631515.33
885613601106111.65
892000970245675.05
923698643725520.81
935560774248617.37
938084343384637.71
941366519638688.86
947336821354839.10
947687206132342.79
978008602819513.84
981166685127395.09
998943288214921.30
