111681384180159.36
130187347228857.91
130187347553108.24
137281364401610.87
142695573659960.49
156184156217291.61
162015601712685.10
163061073495649.68
188334686168716.24
189515767260989.18
197855977396429.95
198855106361999.42
206331108107158.58
208898303188333.42
209331946205144.78
213071140161919.45
213974503580621.94
225086135324300.63
225300737248498.03
226296901527509.16
233967114139689.75
241633719104148.15
242190041542364.94
244846436296824.07
246578626192332.74
255125620115584.78
272709278135910.03
275411499114272.75
286357906295588.33
302257891353787.59
302873488661580.81
308106984114262.03
308106984543764.88
318614657111925.12
326213588103687.00
341952800564840.60
347982043163751.55
366650656455612.92
367999686348684.61
375641375324708.74
375890823259426.20
376923868108484.18
394188633494282.89
404175752119821.84
413082880103004.39
424687486342828.79
433249952102524.25
438571031425802.56
446667759110707.44
446667759124806.35
450033863286926.98
465082059631472.81
469457644911964.16
477127591404861.31
477743286558841.84
485170462220018.54
488775063606616.77
533363124173129.64
546932506240918.44
546932506321533.97
548395241280476.00
549249535371343.25
550920165329284.96
568079403102703.45
570950541278704.18
582457800155854.32
582457800479325.91
587327921568710.51
596735948242294.68
616044848152720.89
631229305111195.35
632481654439100.97
639863652391433.61
657572634181512.14
657572634806582.38
671538009171490.82
683783421126516.93
691505122238671.07
692813473140746.47
720978012912661.34
728581698111045.45
728581698346160.54
734534344432977.54
742456291193968.46
743793189308107.64
798927628577000.37
803192777648259.54
833743918156042.93
861673124302413.24
872643567219894.44
875501767210333.71
882234971138089.11
924747060813245.45
953276484602132.16
955829535240264.45
971155310580477.81
978017109156621.53
988676105461568.50
992366063508406.82
995876448325359.72
