102981320207235.11
122793853214833.17
149673275276867.63
151926654480423.73
159509387104415.69
190193297272491.18
193711006163183.89
193711006932296.63
205373035312001.44
213974503119024.28
234380094544303.96
242612545370808.75
253356546394121.26
253545920136426.00
255125620647567.22
258550326572088.23
268908366510607.64
289120238357379.45
299490674251752.14
299692662149036.10
300372299846089.36
311939514351898.93
317453153288213.07
317453153302890.89
325918281774560.24
334193213758208.55
340842280199964.79
341952800187511.59
360648093201117.24
363393550385065.13
373471525232949.37
391123961331515.95
404175752240520.54
418405168271251.89
423485116123893.56
424293071120501.48
433249952661442.95
435830994514557.89
436541345897578.07
456871046450688.64
461009699295338.56
462462168358281.53
487578976253595.14
495390908571342.60
499053599109724.90
506140362445075.19
515516619474162.74
522078050110900.31
522274769103919.03
527367550247135.56
544397782253402.38
568750929569023.37
568750929781286.43
569486726209325.02
573251199239040.11
590474012955826.74
599601333193630.56
613510744113359.55
628095494547609.19
667125327257053.46
688934511304892.53
691505122162802.63
708860887209766.18
723153061116429.47
723153061135759.34
728010978370548.21
728581698257033.67
732987378124929.01
732987378438421.15
733279489210856.45
743582967148427.74
765191526115819.12
767560600429478.21
787760922264551.67
801071882503436.52
803192777483769.34
804301199239988.87
805107938529664.37
832048507167894.50
832048507405901.39
835653081322292.34
845007025598009.36
854673599265064.62
858096665626467.70
877735379277804.20
880075355209076.65
884259656547519.70
890755827100125.94
892452887120469.48
913977793104907.03
913977793163235.71
938084343223834.28
952093581573649.00
980803054262620.32
984950748316876.46
984950748318034.35
986310355135229.12
992958791250196.23
997660003288163.97
998943288227259.96
