101156577172017.00
101156577250881.32
137709375152588.17
138759230102219.07
138759230432265.28
150391254271165.22
151926654282823.29
151926654334112.26
160594018106683.59
160594018535441.01
160631595344226.66
161100836210684.62
162541070334562.47
162541070476473.24
176108647247673.64
189515767426976.32
193711006164108.63
223218265106226.23
225300737248866.24
229613819117226.14
234155102102777.86
280797933424587.55
294948581361133.02
300069649346329.51
300585303560122.55
311939514597189.90
322087967248758.74
347564606587227.23
348746404303582.11
359988945409501.41
376923868134127.85
378772748265624.59
381816324114391.15
387186313159279.77
387500606303397.26
408575433119339.27
413890988221724.78
418304933326596.86
420541052724246.87
423485116406380.42
424426699148813.91
425836396393672.64
460384223829895.60
470045158608037.45
485170462255005.21
485692569289774.18
492413974156423.07
495390908298333.20
496793622463018.32
499053599182949.67
507517153543207.14
508251419408923.52
522078050411675.33
525446383213094.58
546254123399185.29
567784105103138.43
568121813149311.35
572804719239434.93
578299020133130.75
601866754481751.88
613510744119050.70
624782179201725.11
628095494488841.38
639863652144570.94
655015427566795.94
666163731103380.84
709632903286262.94
709753591178080.52
711042412421799.15
721700362171317.77
727338137646022.80
728010978498962.58
733279489311615.98
743605154235176.25
756409715222139.69
773516741225006.17
774369338275997.14
787277561555871.18
792744363292555.65
799447416182957.57
800719960839539.82
801071882689730.12
838515118649089.89
848909968591241.93
864408674241502.05
880075355140739.43
905129322259214.98
919465042148780.48
938084343389890.18
938193381161255.15
941366519532902.21
945122047234239.80
951461889463207.03
953276484118780.78
968882645107851.48
971155310155936.60
978008602331661.04
980803054450371.58
992775582253443.85
997660003177959.71
