100075100577825.09
102260703206368.98
107019140396723.06
113306414245607.65
117438597434884.77
129551756766115.53
138759230147233.59
143900095160956.79
149673275469363.99
154586988205154.78
161100836185842.52
162015601503053.01
169154377251226.47
177731427435044.35
179762367371168.20
184410327898017.12
197904816270195.68
225300737471326.27
249420279611885.22
252146182211660.05
252146182513059.62
258550326149014.35
269437650166904.69
281436615481492.67
282879114419346.56
284151821374625.28
285241161214323.25
342896477706502.37
347982043260515.60
347982043563508.79
356401591332658.47
378162833125363.89
381816324162330.28
383373004686190.12
387500606452270.64
397308858388775.71
398336007195649.35
402889444272958.55
406053005646591.08
423485116129650.50
423485116286778.80
424507928166124.45
426198015209774.36
434306159497163.45
453124762334314.30
462462168101827.10
470045158103999.40
501158925152450.52
505731999292990.17
505967417154308.64
509446156447381.71
517678399192332.40
522284048280263.05
523628542251811.19
523628542433467.22
532377979235723.97
555415591115815.36
556537470363642.16
560162315180654.53
578299020202519.52
585064535478122.07
597173782354790.02
599814919257341.89
626305925109907.68
632295008332874.87
655015427199937.95
657717831745589.79
661371803175360.95
696737516465355.37
703509375322589.24
705077862249703.20
708860887204467.00
708860887334946.65
717732308211199.00
720638406502096.89
741118256104108.39
741418570161591.80
787448057309383.25
792744363119195.58
792744363714626.96
803824523306101.96
805107938331276.70
835653081158061.72
848909968337099.72
852391417193528.10
854673599294343.57
855341876542433.14
858096665894414.90
860583046265051.54
861673124556778.27
867061858299852.90
907135169246682.88
947687206103204.72
949957077437434.82
964957760477851.09
984950748141385.10
986611199500573.59
995876448331918.70
998943288166815.71
998943288172027.79
