102260703504109.38
102981320559531.93
104518388238703.36
106055610168852.59
107019140247444.33
112571729553739.45
117396658204638.85
129551756111926.54
130187347204063.44
161415507181073.79
167519799237500.45
175584179186351.25
177510149127378.00
200675412558314.04
225086135129481.77
229613819305292.89
238163265109533.95
249420279187892.55
258550326131798.17
268908366508855.90
274765790135258.61
274765790631214.96
281506639394589.32
300585303103842.71
307552687166830.68
315846409431673.16
317453153189255.90
319539594829483.20
347564606375629.27
349996174215700.20
373740433284248.87
375641375139978.35
388235755606614.45
415625092511928.78
418405168435103.23
421251419357811.54
426198015198895.81
439815013166042.88
451898397100018.08
456482293263088.64
471857970479955.77
488775063240829.79
488888112828940.94
498548222138933.90
499467860126755.47
502176650126552.90
510064144109831.56
510064144167149.95
514855712463709.38
522078050199685.20
530289161391106.55
532472558129833.78
548395241510266.97
549243175484473.01
555415591488598.78
559506176860688.44
579977556452357.02
582433833432609.09
582457800170290.42
591566736101555.85
621435036473167.03
622018493355833.04
626305925205577.67
655015427121233.12
666713328669510.50
674269389685786.93
694666401795360.10
697268393225871.51
725651968169001.75
727460616352939.29
728066349541006.40
731333851142070.67
733279489724599.07
743582967339573.11
750482494222228.77
766272564701552.31
787760922116505.34
793913439144981.87
815870915686011.34
827936539117947.00
827936539152219.74
829088534130432.21
829088534199154.20
833786644590851.46
838515118334859.83
845007025457643.31
846251855626139.07
848909968319294.81
871712010690145.93
876982608538122.59
892000970155821.16
896259087251956.71
905095305698207.13
907135169277533.76
939409678664662.88
952391123160006.81
953276484123101.24
986919540191812.72
991842459107834.64
998943288185017.66
