100803031283528.05
102981320252962.66
117228782232307.69
139450583151653.92
153925503181634.09
156101978101069.72
160631595448290.14
199152613175960.14
202824367407264.00
226296901625244.07
231403051119491.13
240606459182536.09
244846436343261.23
246387732135303.79
247591311523612.11
266711588419277.26
275411499488245.84
280903690513900.70
289120238293624.81
304435923510144.22
305260427155343.44
305658630514181.99
305747566299900.58
310719616713480.37
360321320330633.94
360648093103922.08
360760357149275.15
366650656894511.41
387186313128094.71
391123961426189.23
402010932109728.19
404175752178853.05
408354382161428.80
426827475223204.25
431781818145684.43
433249952317582.58
438571031682999.74
453945758332447.63
453945758846797.46
462462168102641.38
469670122113706.99
472953771546990.88
488775063383652.29
499467860259022.72
510332426654217.91
515516619392196.92
518109934140903.02
522284048945545.37
544841969759737.63
556605206527713.82
557278620189636.80
564933553124134.57
574605206952004.70
578299020101368.14
578299020369769.42
587327921329525.18
591755775272893.15
592244826180888.89
594324319341996.70
597961118321863.70
621333885141830.36
632295008177419.63
632295008670714.00
666163731145399.39
670886330311880.73
696762410147834.91
715155736551765.23
724554875326174.13
728419424403630.63
743702952145311.68
745820413176950.21
751107410137564.00
767560600660784.90
773686797188720.66
781466316216901.86
787760922119712.82
788376313848719.37
790352185101532.91
800263855162045.29
801071882922223.39
802764368865655.64
805107938195642.39
832048507262801.01
845007025442382.08
846251855172351.99
856453112143071.07
865845907311381.84
872643567755265.08
896259087100563.26
903491103498894.07
905095305535703.24
923474867173000.14
945122047331164.48
952391123712886.39
958140136350212.06
966461342452123.16
980803054419021.06
984950748673753.00
997660003122968.50
997660003668821.59
