110017382117685.66
117228782135080.48
118365161607023.49
129254821176805.84
129875133819032.87
139315404439887.87
149673275374211.00
152798968115043.80
162015601112273.63
163061073423355.69
171534295166368.69
171534295324893.34
175584179712562.28
197855977841864.09
213396943108081.82
226296901697132.30
246395504111540.18
249420279268929.92
252146182119671.62
252146182123040.07
266312721161860.88
273445992172588.74
281436615183937.46
289860384457119.46
291250183150766.83
302873488246092.88
303129987147622.03
307552687161332.30
308056990162402.10
338290715497137.47
342074651233426.09
361194255115773.93
375641375445184.01
415945167141204.01
416461717665946.16
419600217634959.25
424293071184409.92
424426699123282.35
426198015691772.97
460129470142641.74
465082059344549.36
469457644107141.51
473901580445923.37
476873067291339.47
503012100165014.84
516421257175596.61
520080558259758.03
532472558445252.68
533363124176154.44
555401971250109.45
567139088126984.06
567218651343487.79
567546933123266.04
567979109311915.33
568079403144253.99
573573263184078.13
575858400100447.35
577980947519049.71
589037736311928.08
599814919208895.72
607784672319929.24
612217407106869.18
614497745207271.01
636087692614052.00
650275710482193.50
669330235120928.81
683783421807169.48
687051228164649.84
694666401387463.86
697507876155345.35
711042412143840.79
715155736285273.34
715745746285246.86
720638406539307.82
720735142805474.36
720978012249996.72
722593429273764.17
764766950116961.06
768760990507584.79
780307713224541.00
787760922211112.40
792368394155724.71
792744363676493.17
800719960505289.84
804704037286508.40
855341876217811.80
858619365202652.71
865845907100166.21
876982608445902.78
884259656363950.21
892000970531035.91
901355839140210.62
905129322147581.86
911398268549702.65
947687206494768.94
951461889828240.56
982766375226767.85
982994214106318.66
990095516190035.31
997660003391339.96
