111374881745095.58
112836089358052.22
119611116600716.40
132447352146853.09
132524384659644.83
138693034109230.38
145294573579549.95
150391254178514.06
151020112385217.35
167519799183926.75
185152448593840.85
197855977271317.93
200146461331115.56
202257991133504.68
226296901103615.54
233179776119731.47
236456055315245.76
247889291600375.26
250189385537747.64
253356546123905.08
269555399106915.37
280225069126115.61
286547825509682.53
294948581413801.82
305658630442132.62
314940761254371.21
329371056356828.35
334960441187139.97
336801473137990.76
345774001117707.38
383648179171738.85
387500606104710.02
387500606289027.64
402010932238386.30
408354382318676.59
420096621481582.09
420096621895457.49
423485116103594.07
427653658661736.86
428026116194573.43
429444957298705.29
432482257313936.09
433249952213251.68
450033863108234.26
452907513834700.85
455563512178755.45
468868295902052.39
516421257450735.31
525446383346441.01
525926278173020.84
536388893291224.20
540275431205670.53
544528724279972.22
546932506194972.62
567784105164145.32
576637740352590.09
576952335705455.90
580510726394521.42
593634266259866.95
594043398224261.19
598188631344355.00
599814919100797.75
614497745478212.32
626305925127673.24
632481654195373.93
647684066118100.02
666163731156680.34
711042412107208.21
720638406228821.06
726534543195166.64
741418570242158.51
741418570277464.40
741714598406797.84
742107910246398.66
745820413239057.00
756409715602064.08
767560600182474.39
780564297643161.14
787277561128586.91
788874963247360.81
799493037258476.46
800263855833241.68
813920518411385.90
826458235134502.66
847566961103672.13
858732508290112.11
878061989144620.91
878534299584102.20
884826319202190.64
906471339576228.25
918892608218054.74
924705809525231.24
934000522151264.69
935738051214846.68
938586701104653.35
954384924474935.43
958776195265111.59
981162480166286.16
981162480379531.74
988676105170557.18
