106055610152756.73
110214774238545.71
113306414157097.48
117396658257807.18
143616141285739.55
143900095544763.45
153925503340310.75
159509387501041.65
160006487582598.78
169154377569574.02
173696140119538.73
179762367185466.06
199152613198712.53
200146461138308.23
200146461296000.77
202824367362196.80
206331108484023.83
209331946414537.83
212331880181659.96
213396943120269.35
213396943723927.57
225300737172091.70
232668625349740.38
234742004283788.22
246395504390278.80
272709278226861.25
280225069202980.99
282441191278592.29
303129987122151.01
308056990319559.62
317453153161300.66
335715381306599.70
373137581262289.63
384080914415439.20
402889444110146.69
404967312171550.20
418304933810141.80
420096621505187.29
434306159679068.83
435830994324714.21
446667759163476.92
461009699251449.12
470045158323628.16
470045158552003.99
473901580193968.59
488888112126016.54
491246623160248.55
496793622890233.56
510332426245179.71
536388893421118.61
548481212131003.64
585064535161478.65
590474012248246.72
594043398288046.38
596735948310438.06
598188631564777.00
609357423125009.65
621018422244998.35
638323057436251.88
640296389779336.90
666713328222872.21
670886330132824.13
671538009316055.72
678331562368189.13
687986102626527.84
700404816140740.50
703509375190588.63
703711397267811.53
715079332515226.69
742107910202479.57
744719160133495.51
751107410309215.84
753497183247940.25
756409715247684.51
764284963866413.26
767560600407184.14
772153147435986.06
792744363168067.26
800602389523656.57
804704037381386.66
807653867425438.92
811375238172429.26
832048507123767.85
832048507705872.74
834417306137892.91
843039617113070.37
858732508126544.67
905095305245368.19
914557218739016.92
933385473344586.17
941366519393114.18
951461889264297.44
955829535104031.24
957987877413379.43
957987877567316.22
967522635709773.37
981166685103471.93
982994214114159.21
990095516196397.77
998943288110711.05
