111374881104060.64
122627851162447.87
122793853748821.41
129254821539973.91
144086960459385.98
145294573100451.57
150391254186671.68
156184156266165.06
160631595721246.48
163232964106903.75
171534295105342.01
173696140130407.57
176108647419293.41
193262678161606.63
197904816130465.95
200146461603254.87
257911652616596.77
260220807171677.91
269555399292191.06
276903838409415.40
281506639161030.07
304435923577405.80
336801473504252.25
356708742292755.94
374363533225036.02
383648179111448.43
384080914389640.83
404967312260555.66
418405168113926.62
418405168385047.27
421251419130925.19
424293071148450.95
429444957179758.43
469457644372832.85
469670122214277.44
473978837401639.29
496793622506353.25
496808525519382.82
502176650254524.13
506140362309126.74
509446156194276.26
523628542341376.78
564477851240494.48
564933553505343.41
566125962164035.25
570950541104416.17
580510726175805.39
582457800233280.31
587327921168543.33
589037736331218.25
594324319135679.84
599149683188481.89
601866754229880.85
612217407118494.88
612217407441155.92
613510744147952.74
624782179690259.13
632295008158562.15
635752965353343.96
636087692205576.51
645141474229274.00
680853772192068.85
684051160165907.68
691505122759708.02
694666401300584.64
714573514198246.86
732987378213544.16
736105066122657.99
743702952434355.96
743702952671266.83
744111618344188.43
749024226325687.94
751107410452282.68
768760990698819.98
779898477121344.22
780307713585753.04
787277561387546.35
796309849941959.79
813061542100099.58
848909968112060.95
852391417200397.00
858619365369270.18
860583046658609.44
864088029202144.82
884259656445951.53
884563373263582.15
885613601559434.49
893441803154560.35
899424928121169.02
929784486124977.89
949957077353563.83
951461889141471.58
952827865823264.55
953551961275592.31
961832280710046.74
978836641164683.71
982766375373675.13
984950748487055.00
995876448204382.21
998943288158947.67
