100075100592053.35
102260703283093.88
102417505139103.62
106055610514440.44
132524384410169.16
137709375186155.62
138759230234444.58
139315404340297.53
149086189190344.11
157898134102015.30
161100836191764.51
167519799238781.72
171748766313158.72
212331880369566.55
225300737196133.35
225300737683638.73
227024004184250.17
232668625621481.74
234742004144522.51
253356546103049.32
257911652362181.29
273445992620176.57
280797933150031.00
281436615247518.58
282879114394978.94
304435923227566.94
308056990149513.29
310454191357916.66
327010449190640.04
346987419313881.90
375468241115220.86
381816324130004.39
398336007197707.08
402010932419434.70
422294374226797.60
424426699260164.26
427023543494695.78
439202619236327.91
439815013384521.04
455563512352381.77
461009699226619.72
469670122198503.16
475728122111220.91
486364990418781.19
488888112257984.10
498112669339995.19
498143404116334.40
499467860157613.76
510037513169188.52
510332426122818.76
510332426360287.11
549243175660567.09
557278620164585.08
573070853361645.92
575858400113006.69
575858400609981.05
576637740120168.53
578299020429200.55
590474012578852.10
607424818211598.12
614497745133285.27
616044848131794.37
631987283634439.71
655015427673847.90
657572634570603.82
667125327131806.75
674252723106171.49
700769920554693.91
720638406516948.61
720735142220249.06
720978012148141.59
728010978249594.14
735416192388556.49
741418570146507.57
742107910169599.86
750482494120571.63
763126179125195.49
775647608211860.79
785197350530338.23
792368394459338.85
792744363756842.81
796309849320908.30
803824523118977.13
833743918383945.42
833786644620018.62
835653081197109.30
838515118560525.60
853800531105214.85
867061858703876.63
871712010466457.13
892768447667037.60
905095305252003.59
905129322103010.17
924705809121752.75
930363959365850.73
938193381128766.74
953276484743021.13
954384924110301.77
962693075285500.00
990095516247127.49
