102981320192164.61
112571729124414.86
119611116411469.08
129254821640444.17
130187347124192.60
135196155480874.32
138759230114232.15
139315404304494.02
139450583236896.28
147626232223074.64
149720314143194.03
149720314536126.25
155296524333717.59
159880267338083.22
171534295173590.89
171748766384405.39
183908839470699.29
184883882190692.65
193711006767112.12
202257991404600.14
233179776182175.56
236456055273515.48
238163265161220.67
244846436547669.53
251687419283775.26
260220807156041.69
260220807509185.84
263492694592315.03
273445992624038.24
287194096474024.87
328354088313932.62
334960441155021.34
351530440166546.26
356401591160882.30
360760357789286.79
363393550474594.48
366746235263566.54
376923868145717.13
376923868208692.70
408575433253875.36
418304933764571.46
429444957247623.67
431781818117280.61
439815013495912.55
460384223721983.38
473901580586390.24
476873067652763.90
489537808219673.85
516257727162957.94
550392053362698.48
550920165647812.51
555790640376129.87
567546933197702.07
568121813139629.86
572884241199013.01
573070853559352.46
582457800245076.57
597280119587578.54
599814919205069.41
616044848106530.51
616044848538806.12
628095494617989.81
629853331173920.33
632481654219382.29
672665835110065.51
688934511285501.00
688934511343612.08
709753591106169.78
722593429296829.49
722593429476157.94
723153061488032.87
724100989457637.62
727338137544200.26
765191526405957.90
765191526545438.21
772027421605988.16
773516741125176.41
780564297121177.21
795878382207630.31
799353999131575.00
801071882116011.78
807653867436227.37
820522612108406.61
835653081130215.08
849037548569373.11
858096665246185.55
871029659143678.35
873983543275110.41
882053089338193.27
884563373823989.54
916303780110302.95
916303780231584.06
929784486437458.20
945122047434887.30
952827865744349.90
954384924323532.86
955667028184662.68
969405609699572.26
971155310170686.29
998254744662193.33
