110017382103481.44
110765917313626.54
119498741372654.55
119611116120963.15
132447352127035.48
132524384227837.91
139315404168498.07
140787251437687.02
151926654391167.36
156101978411362.96
159880267288460.44
161415507185823.91
174878306217313.79
174878306327744.07
178060486407605.00
197435531757195.60
202824367127696.57
225300737580063.28
227024004254011.53
249111475110316.05
266711588261642.26
268908366100783.34
276903838283031.63
286547825376581.92
289120238569752.30
289860384205228.50
307552687155538.52
307552687428434.15
308106984370967.64
309594392688447.30
311939514110976.26
323848130413425.91
335537630190384.07
338290715388597.35
348746404390945.71
360321320141479.49
363393550504738.52
375641375458328.39
383648179172369.99
383648179421054.74
383648179432824.00
420096621143908.03
424293071352432.55
424687486114979.05
429444957374025.96
456482293446818.71
458889106149865.00
473901580583438.60
486364990420239.10
493683428159536.56
495390908412433.95
501158925104906.42
508860646522206.72
510037513156214.19
548129152133592.11
548481212120942.57
560672299280132.33
567139088808208.36
567546933525802.88
567979109171151.02
574605206174235.92
576488475383229.75
580510726697185.37
591566736291521.04
607682491470955.08
607784672352377.12
623544731387418.09
629853331358305.16
629853331568920.85
631987283156672.28
669330235130210.00
692813473196737.88
709632903195871.43
715079332373391.63
728581698135279.89
737774362136759.17
772027421248692.97
779898477421580.80
785197350592372.17
786411085139481.83
794920973836992.94
799353999609338.29
801071882864286.97
802764368134504.06
820522612176369.36
833786644147938.82
840052418499879.14
843039617159392.41
852391417522416.68
872643567132633.00
884259656212770.95
892452887157153.71
909570481100655.78
918892608129019.89
948481987544663.60
957725074271637.97
957987877274666.60
961832280176306.22
967522635128846.20
986919540676284.44
