108262806138191.33
108890991124938.89
108890991146643.09
119026684139767.17
124915162738186.20
127662812421670.08
133904151271872.12
134195087110174.82
135196155751459.71
137281364349249.64
145294573182415.98
155306319159308.56
159509387349087.16
163232964574291.09
176108647286785.29
184883882124719.69
186382757242127.59
193262678158763.32
194810104117017.98
194810104147140.64
198855106280354.73
232668625214767.67
234380094444336.64
244846436496127.43
247889291378918.48
250503993235944.09
263492694131791.51
280903690350589.07
307552687568789.25
310445634712634.45
318614657272819.71
319656394101378.07
340842280323251.63
349996174104467.75
350620769611082.33
360321320213383.99
360648093171752.32
363393550167219.54
388235755542137.09
404967312806392.90
413082880342124.71
413890988234372.85
416461717163589.49
426198015171878.17
438571031156475.42
465082059751271.91
472953771102385.99
503012100290495.56
516473646473015.72
522078050570161.92
530289161374986.14
536388893460162.68
568121813118222.12
572884241197644.10
579716532371535.55
585432648181851.99
594043398308222.22
596116932129839.68
596116932135250.11
597280119193334.22
597700047105962.43
613510744233846.72
614168147254913.44
624782179245989.38
626305925242534.85
639863652163293.72
650275710629681.82
695593032167940.54
696762410192551.57
715079332137264.73
715745746365988.53
720735142219684.06
727338137856741.24
728010978219997.86
740892337207081.45
743582967389358.77
743582967398887.85
744080844885577.67
746772132128684.94
765191526296329.80
774369338283633.08
775647608138740.95
785197350398969.43
792126435628827.36
792368394172973.53
796309849245558.64
800719960103447.21
816562775789709.32
858619365534671.85
860583046100070.58
860734034291270.85
861170886190061.60
884259656111086.89
899424928187379.26
906471339119278.28
911398268319067.00
929784486105301.56
949634743452611.75
958776195162935.42
993893498120655.16
