112836089134672.77
117396658121296.53
135196155461638.30
139315404101703.13
140787251743538.78
145294573150191.06
151926654211233.56
161100836135793.17
161100836220695.44
163061073125528.01
167519799780753.44
171346863180193.65
178060486122986.59
179762367860819.30
183691383491603.78
183908839453034.56
200675412514305.02
223218265171160.31
226296901192474.25
229613819101503.52
231214121178237.85
232534761130527.62
244846436158040.55
250503993828060.94
259683861409242.80
280562852441192.28
280562852661934.40
285241161227626.47
287324315422840.01
297330673177864.39
300585303113835.56
303129987192607.71
310445634244711.25
314940761186990.69
318614657352356.01
323848130208004.34
325918281609772.04
326213588206461.40
334193213454791.82
336960695267912.44
340842280142604.53
342896477527136.13
347982043158289.96
363593682132620.83
366650656316931.98
383088531462535.96
408354382214556.91
426198015421235.95
456871046179145.67
459758995435335.22
459758995551885.47
466227501359940.70
475728122129636.95
480704953208687.66
493683428150168.11
493683428457888.44
533172258296644.44
533201440170923.00
536388893201504.44
556537470197676.13
567139088283005.59
572804719630911.18
589037736167870.33
597173782118190.76
597173782349575.31
609357423190783.76
609956325688499.38
664704523102409.76
672665835120831.34
694666401135997.44
695593032540180.85
703509375167636.54
708860887133603.78
733279489185352.27
751107410322452.08
756409715574724.21
763126179222972.50
764284963223091.04
764423530154210.31
764766950826599.49
766272564217688.74
789835972192982.13
805107938127932.68
820522612213314.33
858096665185071.87
882053089259833.36
884826319287345.90
893441803511559.13
903491103654477.96
905095305454630.39
918892608365885.20
938193381121348.11
938193381776981.23
939409678445496.15
953276484621585.15
955829535371394.61
981162480240322.64
992366063141634.52
993893498321655.50
996402539941768.55
