100075100193397.74
110017382244788.78
110765917179061.90
119026684396977.99
121001410274072.33
130187347578551.41
132524384139197.01
134053382448525.41
139315404161427.31
139450583239597.91
145294573182329.94
150753271243528.42
157898134171310.60
162015601741551.52
174671762244643.37
182774156503582.77
188334686303821.95
197904816512632.78
206331108140041.05
231214121617163.33
246387732223955.00
273445992117499.82
276903838160897.96
284228307367146.84
300069649150794.72
302873488183660.85
314940761158126.42
322087967102715.00
327010449616261.85
347564606365860.42
348746404439191.90
350620769125979.77
351530440237453.18
375641375412746.32
396829952526710.03
401214573288372.81
401214573419108.64
404175752305430.49
407116351147589.20
417123406494836.04
424507928656908.54
446101021483373.89
456871046760281.14
467196963808771.33
472953771245172.02
473978837240617.67
476386452462716.91
490775374167037.77
518109934136939.89
522274769395024.97
546932506345061.56
548481212113857.97
548481212118470.25
568121813727168.96
568750929120094.55
574605206117459.18
575858400140612.00
576488475114878.99
576637740251790.18
579716532237304.98
580510726309790.04
587327921128728.00
589037736213559.57
596116932116156.28
599149683137983.66
599149683569256.96
599199529173171.33
643780731223687.38
644375478220280.06
664704523195748.00
668975990140660.65
690445256275455.18
721700362484995.64
733279489488689.12
742325919546810.73
746772132244833.31
751107410223871.56
785197350362501.31
786411085158386.02
800602389398976.89
800719960336984.52
838515118739322.98
843039617226208.41
849037548132912.83
853800531157775.10
858619365122827.52
878061989178911.61
878061989331880.17
892000970704948.45
905095305197855.39
924705809137879.48
941366519593128.15
952391123347554.06
952391123661049.61
952827865100216.63
953551961308071.84
966461342665854.06
984950748210537.55
986919540189256.10
992775582118444.35
