112836089564073.43
117228782338981.95
129551756648762.30
129875133466178.21
137281364101528.15
143616141239086.79
149673275247732.49
155296524216641.92
169338279332997.06
171534295293984.16
171748766948802.46
175584179257473.30
177731427184675.02
183691383413415.41
185152448345961.51
188334686160146.50
225086135540052.48
232534761430957.13
232668625127128.70
241633719157777.71
246387732394668.53
252146182476330.20
259683861611506.88
270329525376619.59
274765790103773.85
284278668458091.42
297330673208193.60
305260427869708.83
308106984126384.60
308106984281654.59
310719616581469.09
318868292133979.26
338290715141345.65
356401591255036.78
376923868343983.42
383373004317144.52
387500606131919.93
396984280119472.30
421251419433012.26
425836396293845.30
434306159654663.42
453945758600479.97
460129470520476.48
472953771143313.79
498112669413688.21
498143404100658.54
501284104543446.76
502176650429075.24
514855712111477.86
515516619109629.64
536388893137300.17
550920165288204.13
555790640272867.96
571264525227184.73
577980947115540.29
578677978113221.24
579977556151128.32
596735948205979.76
607424818114336.91
631987283194850.57
638323057547828.60
640296389444536.43
655015427609098.46
664704523300019.45
669330235153554.17
683783421578285.43
688934511258951.52
694666401385508.44
697268393145740.16
705077862111788.57
726534543436853.34
733212816238485.98
735815836419219.39
743793189113076.12
743793189233923.91
744886514738801.62
747484841271947.06
749024226503746.47
752909584227997.01
766272564279086.21
785197350111184.81
792744363493438.31
796309849199696.11
834417306337257.84
837956843421733.46
843039617168688.77
858732508284224.04
865921924131718.16
875501767737140.31
883906066794882.37
892452887217089.22
906471339421541.92
910985395107874.09
919783045454358.05
930363959333775.64
930363959503716.70
934000522129288.68
937277590217069.39
937277590604509.17
992775582150885.68
