103880243439900.09
107019140154432.84
110017382117295.19
150391254115098.57
169154377686052.81
174671762335752.56
174883568211514.65
182774156216501.49
193262678119465.79
199568135304944.54
204235604360711.41
212331880291992.17
213602432676461.37
214875375380356.75
225300737312108.23
231214121313033.60
231403051256764.97
233967114407281.22
246921183610165.28
255906899118505.63
270193205817607.28
270329525103113.84
280225069272215.65
287324315165859.22
310209435330210.13
318868292224443.53
319656394130260.50
336960695110637.61
342896477241316.34
360760357466893.66
366650656120920.11
373471525127128.61
378330817767784.32
383648179174500.04
390772134811769.73
396829952140951.73
402889444240548.39
427653658152758.16
431781818243513.96
451898397107947.39
456482293218450.16
477605614304845.24
485170462725312.67
494404564103934.58
501284104637294.14
516257727269423.96
522284048401517.13
527367550607593.65
532472558475660.41
544841969223474.63
554268365143021.72
555401971111864.05
555401971585950.33
556537470308543.52
564477851109294.07
567218651544757.89
568750929204435.85
573573263108548.86
580510726705024.66
583581204261257.12
585432648367102.75
594043398138602.20
596116932258031.21
599814919855009.28
609357423269046.28
639106352149824.55
717732308163687.17
720978012366770.00
722593429366304.80
745820413160849.29
767923546176527.34
774369338112566.17
780307713111987.90
792126435336942.04
794920973269105.59
801071882360043.23
833743918481880.65
837956843253453.16
844946410153666.84
844946410408512.72
864780379156582.25
865921924357347.37
875501767102792.09
878061989224642.54
878534299146298.15
880075355219698.49
880075355445016.36
890228256484596.70
893441803122788.80
924705809147433.15
924705809173993.21
934000522152889.13
944771490120591.21
952391123840007.08
971155310314370.04
978008602358131.02
979709064189688.25
984950748440581.68
986310355189598.71
986611199106223.31
