108262806330417.07
110017382323215.93
111374881546612.96
112836089107471.29
119016727404324.69
119026684361725.79
130187347476740.12
134053382724245.64
150753271185421.93
150753271278404.60
152798968551916.75
156184156786325.94
159509387727552.37
160006487161463.19
161100836411312.15
174883568414563.55
186382757785114.83
197904816382358.54
200675412343049.79
204235604531465.23
205373035327197.52
213071140620319.51
226296901585377.93
233967114312625.80
305747566552958.97
310209435285226.85
323670838427448.95
338290715161777.67
363593682470594.59
374363533340397.27
381816324238955.72
383088531263927.95
388303403112494.92
397308858665589.52
404967312312214.20
408575433350595.37
420096621255791.94
422294374320524.09
431781818271601.89
444632472173857.38
466227501520230.51
473978837138611.46
476873067249779.18
488775063272731.44
496863696343411.54
498548222111796.69
511077882155292.85
516257727390512.36
536388893297223.50
544841969213418.57
546254123193123.28
559506176192436.00
564933553109161.81
568750929455720.64
576488475397928.93
579716532361945.81
594324319331619.25
599149683338207.60
599149683472801.03
599601333143119.31
612217407123441.08
626305925389157.86
638323057211679.08
688934511127738.13
688934511305481.00
688934511482507.72
692813473356987.68
695721158189122.91
696762410688352.38
715745746295927.04
728290540320598.40
728419424619865.52
733279489134092.79
737774362493042.91
741714598204157.33
764284963313225.82
788447113284448.24
793913439417475.85
812342285126257.80
813920518241745.03
829088534584573.51
834417306522567.68
847566961233139.47
867061858201295.07
873983543193143.92
878061989381585.41
885613601101989.53
890228256373846.06
890228256824444.40
899424928349749.25
905207705113730.84
916303780161365.04
939409678308089.31
947336821145300.07
947687206144497.06
953551961237885.06
953551961329221.00
966461342169782.15
984950748140788.61
986919540309405.97
