102417505193743.64
103880243304650.82
106055610212780.57
119026684111628.76
137281364174643.82
160006487624478.45
168112199339660.05
174671762369901.80
175584179528320.08
177510149402031.25
178060486360855.18
184410327407032.07
186382757287416.91
202824367501216.37
206331108835026.49
208898303248184.40
211473251702749.89
213602432487893.35
232668625281562.38
233179776299617.38
234155102143761.48
234380094270000.48
250189385221297.59
275115779170258.53
282879114100274.04
284278668587774.03
287324315377794.25
302257891488029.57
305747566687114.15
308106984202263.72
310719616688602.03
317453153106567.21
335715381293381.30
337491743256400.27
349996174654923.20
356401591193058.32
356708742151384.60
373137581479275.55
375468241265855.38
378497248551280.73
381543660221824.47
394188633238757.76
396984280278134.10
422294374674478.51
424293071976045.07
446101021291117.21
455563512303900.59
458314948161534.39
466227501197358.47
471857970129195.48
472953771271861.27
493683428514022.20
495390908522922.54
505967417146991.92
506140362112703.51
508925718426809.61
523628542816057.32
548129152731540.54
549243175139931.34
564933553602554.84
567139088494487.63
572804719142270.56
576637740121423.74
591386815367787.92
593634266383248.47
607424818102631.24
621333885105136.50
621967544503175.77
622018493189688.16
628095494178602.02
632481654615815.56
645141474124073.49
650275710221838.68
650616593640012.82
674269389175512.20
697268393337495.50
697268393560610.94
705077862158064.96
709753591545552.10
717732308813189.65
719921851192502.45
724100989199119.46
724100989527960.06
733279489636301.90
735416192784523.51
743582967282793.39
751107410248092.03
764284963398963.04
767559506454585.66
787277561159953.03
796309849515405.83
820522612284420.28
855341876224345.54
877847577145514.76
913977793215395.37
919002406361736.74
920265619501812.65
955829535301528.40
992775582110736.57
992958791273150.01
