107304349522705.57
110017382364926.25
117228782409856.14
119498741739285.75
121001410217165.70
129551756410432.32
133904151251909.42
143213151140782.19
144086960241295.00
149086189508491.02
159880267135785.42
160594018148374.36
167519799174729.46
173696140433246.81
183908839157490.84
188334686145727.10
208898303425935.78
213974503194744.69
215647935278874.53
227024004857891.00
236456055234870.97
236456055254113.38
244846436120087.79
248284961125475.96
249111475181524.07
250189385364890.54
253545920231484.59
255125620185815.57
263492694576358.77
280661619236747.29
281506639223585.30
284278668634996.33
299490674235441.74
300585303124637.52
326213588603568.62
328354088236883.21
347564606126438.27
366746235260664.04
374363533376480.69
375641375131790.10
404175752636905.92
415945167744734.10
418304933740968.34
421251419386120.61
423485116116841.01
430429762114284.74
438571031337294.41
446101021109792.28
446101021317774.98
454505347429039.23
468868295172968.39
469670122175399.35
488888112516996.61
493683428428096.41
496863696229634.05
498112669238561.29
499283581130946.61
511077882699060.35
525446383150874.08
544397782760516.37
544528724702246.40
548129152943574.83
568079403223357.31
568750929306702.72
585064535309081.73
626305925402872.30
632295008132609.11
632481654262135.62
632481654363062.26
650825130375222.37
674269389555259.48
680853772273714.66
697507876356121.12
712686604283867.27
731333851294620.19
732987378147469.46
733212816430474.18
744719160309153.95
744886514158275.90
764423530571307.89
767560600284645.14
773686797315740.71
786411085269274.88
787448057227864.75
795096195296122.88
798927628200520.82
803192777258953.63
829708620184378.72
848909968118050.25
858619365292789.35
871712010180579.31
905095305262221.93
905129322144422.75
906725953439085.72
923698643336818.28
938586701679142.87
948481987346969.46
966461342164014.33
978017109259422.78
981166685303262.22
