110214774263924.48
119016727341303.07
121946888721627.30
130187347546949.49
151926654324038.02
153925503122421.69
154586988560503.09
163232964289170.13
171346863362197.84
186382757223986.13
197855977321389.82
200675412619402.30
228054518124585.69
232668625158706.97
246387732664455.97
258550326310495.16
263492694462213.78
270329525218966.29
282441191269824.46
287194096211261.91
303129987927232.67
305747566738148.06
309594392331985.66
318614657290008.37
334960441207607.07
336960695145661.99
364950395206472.57
373137581185003.40
375468241300829.14
388303403276513.44
394188633497926.15
404967312101924.68
407116351337175.85
426827475251258.87
427023543326376.00
429444957181242.31
430429762135380.47
439202619102420.23
454505347391427.30
470045158379353.62
471857970178267.58
488888112192559.42
489537808341126.70
491246623111335.72
491246623144857.22
498548222155433.37
499467860101363.44
501158925464752.36
501284104417854.57
503012100140745.42
505967417424557.05
508739487358029.73
516421257877000.89
527367550347026.85
549243175240478.90
553656369224537.64
569486726157508.69
571352753180544.76
572337884595647.90
572884241143876.09
572884241322827.88
573251199290324.64
580510726259428.38
591566736576903.82
607424818352063.41
668975990140269.61
708860887222059.01
720735142213577.60
741118256565264.92
745820413507748.81
746772132649752.80
749024226518000.26
767090797104781.32
773686797245030.16
786411085363343.73
801071882265671.60
803824523102564.73
807200119101710.11
837956843136137.29
849037548400823.95
849037548759752.77
873983543327815.38
876982608194414.23
884826319149967.26
901355839504364.76
906725953119575.06
910985395186072.74
933389717270930.39
939409678118477.21
944771490125954.12
952827865140407.36
954384924608351.02
957725074239264.35
958776195373835.42
962693075133621.99
968882645186643.76
971155310289735.30
986310355131178.74
993893498484787.14
998254744151215.51
