100803031320229.96
104518388403350.76
110765917280326.19
127662812265267.05
132447352143745.83
137709375308648.36
138693034387235.44
151926654124570.73
151926654367242.87
152798968606010.49
159509387492198.60
167002917133962.94
171748766555457.08
176108647180714.23
176108647282045.83
179762367235040.30
194810104478144.42
202824367177997.85
213396943179506.78
233179776629587.75
236456055309055.78
263492694428731.87
275411499250057.97
278219696229256.28
282879114267449.23
285241161103797.75
291250183292069.66
294948581174725.36
303129987599885.47
314940761287832.07
317453153351446.59
323670838183581.11
356708742213016.99
356708742252810.56
363393550265991.32
383373004143964.88
394019296192284.80
396984280477524.78
397308858472178.26
416461717790045.42
417123406177727.52
419600217366879.51
420096621198725.51
422294374127731.18
424293071338786.81
426198015573706.54
427023543567392.55
427653658297933.83
453945758496711.94
456482293241460.10
462764033933781.71
477743286284742.00
499467860147906.19
507517153671640.72
510037513332824.92
510037513401047.51
510332426655026.47
511077882174149.19
532472558210871.47
533172258272352.48
536388893415441.14
541413187166046.30
564933553545837.74
582457800397219.61
591755775345321.38
643780731327207.51
645171319347781.51
650616593183659.56
663099628381789.42
683783421159350.61
697507876453269.87
703509375142721.32
703711397257882.92
711042412756617.02
726534543426130.40
728290540388411.11
741118256118628.93
744111618154688.18
755416563224195.10
755416563262106.00
768760990237853.31
774369338128451.19
798927628669398.50
799447416125229.11
800602389173811.70
802764368232273.88
826458235209775.39
834417306156084.24
837956843755814.78
846251855126439.35
853800531120034.36
856453112493755.76
871712010356437.98
871712010412130.97
935560774147226.16
941706245400733.83
958776195399222.33
968882645112456.14
992366063172944.49
992366063771048.88
