100803031399510.61
101156577500399.45
117228782442962.79
122103994108847.06
134195087229451.07
149086189117298.11
156101978530388.27
159880267108309.46
197855977412063.19
205373035392313.77
216594016507440.63
223218265123055.06
225300737136526.33
227842032110069.76
236848862222641.74
246387732166323.55
259683861779288.78
266711588252071.88
272709278100992.86
280661619198760.12
288996231278527.85
297711458159544.23
297711458399778.94
305658630346112.11
309594392168990.72
325918281160036.71
334960441709728.37
336801473124423.09
345774001384262.25
347982043556571.62
359988945508609.35
383373004133483.72
384080914262367.87
404967312102718.26
407116351315136.54
424687486402781.94
428026116211192.76
450033863220953.45
453124762374626.55
460384223224299.59
492413974100595.06
492413974473922.86
498143404107488.68
503122533711041.20
516421257371413.93
520080558121993.44
523628542253059.64
560162315284415.30
569486726136895.62
571264525201695.10
571352753692854.41
582457800478940.90
591134335152415.18
594324319110167.11
607784672205805.61
613510744267709.03
614168147248217.11
616044848441098.49
622018493601191.62
624782179100721.59
640296389710339.43
644375478245760.70
650275710391912.37
669330235214071.95
674269389100202.01
695593032134720.29
696762410269767.68
700769920100056.30
715079332117762.45
715154514321452.57
717732308556717.26
728419424519757.11
734534344336179.22
741714598496364.55
742325919334651.15
744080844104826.23
745820413717013.50
767560600257679.82
779898477412813.82
783558945154536.48
804704037315737.15
812469877494127.51
827924954464626.63
827936539368138.58
833786644151168.27
878061989174406.24
885613601378959.46
892452887267904.24
906471339168634.53
918892608194902.46
935560774223865.47
951461889401729.94
979709064186512.99
991842459350947.84
992775582574502.85
993163024102667.45
995876448119972.13
997660003435656.85
998254744610367.51
998943288129349.76
