101596937350604.85
108890991201869.01
117438597234641.24
118365161116084.60
132524384163188.29
133904151238537.36
138759230110249.57
149086189547241.04
150391254124764.58
154586988402351.07
156101978258063.44
171346863412654.84
171534295234784.65
174878306106524.94
174878306237423.98
174883568105838.37
197435531449586.68
216594016398554.03
232534761210823.91
233967114738853.85
234155102444317.22
246395504245826.92
299490674260373.01
299490674451449.63
334193213105880.10
340842280421338.96
349996174382802.48
364950395293725.53
376923868945809.02
378497248303033.86
384080914102860.05
394188633276490.04
396984280128142.25
397308858243540.36
402889444727972.32
421251419278134.99
453945758151955.92
453945758756234.32
455563512395036.88
458314948528361.10
458889106538019.99
485170462167599.11
487578976109513.77
498548222281427.51
498548222569299.45
507517153112639.02
514855712195086.44
522078050371991.26
522078050631398.80
525252585137793.02
548395241723288.78
548481212468830.93
559506176436253.66
568079403243990.58
571264525758586.48
572804719240313.26
578256628211148.85
593771725137613.15
593771725649503.38
594043398478619.26
598188631743938.39
650616593936377.53
654751100673560.74
663099628141481.92
672665835536079.16
683783421439043.04
687986102509803.48
695593032158750.58
722593429297012.35
727338137272501.93
735952744128658.49
736105066617213.28
742325919247554.49
743582967273996.72
744111618308812.20
772153147428667.36
780564297315579.00
788376313156468.25
788447113208234.59
790352185508614.36
799353999533182.23
799447416363222.00
800602389379245.24
804301199154284.92
820522612401550.31
838515118435000.05
842240339450109.29
855602001262937.45
856453112393445.61
864408674612075.91
873722327590398.44
901355839491903.74
905207705366571.31
913977793744025.05
938084343193578.14
938084343469575.23
939409678541508.65
945122047138193.72
978017109735210.75
998254744617099.25
