100803031235120.06
111681384242967.13
113306414121938.40
119026684144925.63
129551756666997.45
129875133104509.98
138693034214107.24
143616141427652.72
149673275133345.37
156184156514852.22
160006487139521.93
175584179557409.72
178758666108877.23
182774156278063.60
202257991504316.61
206331108664503.81
234155102373904.19
251687419102995.26
255125620168907.77
284228307110755.82
289120238737444.98
305747566388209.21
306920818461808.20
310454191201757.61
311939514191448.98
319539594407715.49
328354088338306.11
342074651116249.08
342074651481293.23
342896477754511.78
344397779135578.68
351530440357762.34
359988945195751.78
363593682695654.55
373137581335512.41
374363533106441.65
383088531313420.09
384080914472923.71
390209274304944.78
394188633238639.53
394188633246503.99
415625092676798.62
424687486107776.09
426827475591657.42
432482257277252.69
436541345539740.80
439815013160798.86
450033863266501.90
455563512102752.02
465082059103547.11
472953771403283.43
503122533322571.69
511077882535234.63
515516619140835.02
515516619470242.17
518109934157442.27
520080558126219.64
522274769574415.87
540275431127468.71
546932506185799.87
550920165186606.47
567218651333193.27
568750929430588.61
570950541340928.85
571352753375378.32
577091859217204.13
580510726350460.01
596735948197780.43
598188631128864.37
601866754295986.98
612217407317894.73
629853331187750.64
636087692284053.29
645141474107093.76
703711397166345.97
703711397171708.17
724554875466688.60
734534344114941.50
735815836401126.59
744080844421818.12
763126179250356.95
764766950127939.87
767090797403140.58
776612198101589.72
780307713194775.49
788447113225314.45
792126435427034.12
796309849404859.02
803192777368704.65
826458235782799.62
827924954153495.48
829088534226153.13
844946410266751.72
870308841116831.02
890228256129178.19
892768447194321.12
913977793170651.75
916303780179903.73
919465042276862.20
965364270278737.90
