101156577121413.45
112571729215135.02
112836089741090.06
131320092662343.67
159509387474482.95
171748766135388.56
176108647524615.46
183691383210529.61
202824367142849.27
211473251683850.16
213602432127955.67
236930781250927.57
248284961238487.44
260220807128454.90
280661619108028.88
304435923405055.76
310209435160635.35
315846409178436.27
318868292428235.87
335537630390071.32
342074651145229.04
344397779206636.52
344397779436467.36
345774001113012.18
356203328284403.64
375649427522619.24
387186313353613.23
388875201451224.46
407116351215713.00
436541345355899.81
438571031476195.09
439202619296668.12
455563512270999.19
468868295308145.28
476386452259564.44
476873067122920.53
476873067401462.61
477605614130170.48
488888112198217.17
496808525259448.65
508860646109529.23
510332426529884.02
523628542285827.46
532472558686916.19
553656369139410.30
572804719227381.27
574605206348633.27
576952335289181.95
578677978514104.23
579716532308136.97
582433833199292.58
583581204204774.10
589037736402965.22
591566736446872.66
598188631217407.74
599199529168906.32
604314812133992.60
621333885111243.00
631987283115375.66
669330235191572.79
687051228509106.53
719921851124444.45
720638406299670.16
741118256548276.18
743605154104128.61
743702952424147.52
747484841343139.40
750482494422366.78
756409715109868.58
768760990319719.73
787277561102844.24
792368394307909.08
794920973450006.95
799353999146042.09
827924954510696.18
858096665372290.16
861170886896718.42
865845907112969.60
865845907276140.79
872643567124763.27
882234971388716.84
884826319203065.40
892768447531888.47
905095305404735.28
906471339283880.99
906725953177234.49
906725953243015.80
907135169782813.20
929784486100396.02
933389717178551.64
938193381113332.54
938586701841081.54
949634743642176.83
957987877101410.38
966461342323031.95
967522635324357.70
978008602143689.51
979709064165379.94
979709064412318.65
990095516293679.72
