100075100220020.55
112571729330932.90
113959481136351.22
137709375116740.66
139315404252878.81
147949197584116.47
152798968343326.46
159880267124166.63
160631595447053.89
163061073407505.22
171748766336242.11
182774156603152.06
206331108387733.73
213071140506495.55
213974503365761.29
223218265132920.91
238163265410448.00
242612545328204.70
247889291102966.91
257911652101899.76
257911652308624.91
273918930349139.43
280661619144890.45
284228307186231.15
294948581564183.00
300585303494297.75
310719616614087.41
323670838137211.12
323670838321055.38
335537630449753.97
336801473836699.75
342074651170358.27
351530440175794.94
360648093253225.02
364950395308217.07
366650656109425.81
373137581125108.67
375641375127673.56
378497248461517.13
394188633237297.27
418405168242785.33
419600217395190.85
427023543246737.12
427023543291119.06
444632472609148.33
450033863205743.39
452907513787936.47
453124762151824.58
458889106135430.09
460581703326315.60
467196963228157.18
470045158153412.93
480704953201644.39
491246623375313.11
502176650242583.81
503012100125919.45
506140362101027.18
516628786195668.32
522078050355207.59
522078050386950.78
522274769101400.22
527367550143625.15
567784105153055.94
572884241480965.29
576488475258602.49
579716532295790.20
587327921356423.94
596116932669160.15
607784672357331.21
609956325474156.21
703509375161227.63
712104267182679.60
722593429113109.31
728010978170632.82
744080844115420.35
744719160689702.40
745820413422479.06
763126179545942.63
772153147164838.60
785197350325239.79
787760922619248.60
788874963113050.22
792744363339846.09
816562775311471.61
860583046573153.20
877847577276650.64
892768447699413.38
909570481540886.20
910985395116977.34
919002406487943.67
923474867117596.20
929784486162162.20
935738051457525.90
947687206676107.36
954384924152905.15
968882645180800.63
981166685296633.86
984950748345488.15
986310355478143.87
988676105142790.23
