102260703127296.09
110214774166941.53
112571729542413.86
117396658407478.69
121946888147062.48
132524384166752.00
133904151509484.42
134053382221464.38
134195087228166.52
137281364195336.81
137709375218758.78
140787251167356.40
149720314370803.17
174671762166992.34
179762367290620.55
193262678103576.92
193711006388467.30
197435531739491.54
197904816518368.54
199568135197804.00
226296901204322.81
232534761168291.24
232668625764234.04
236930781610219.78
249420279514132.78
302873488103056.09
308106984219750.61
326213588271995.74
336960695333057.12
344397779109390.90
345774001109894.29
347564606112799.05
349996174399510.64
356401591175944.63
356708742105176.76
359988945390222.96
360648093115766.18
388875201315378.35
390209274419847.89
408575433754831.05
413890988265272.65
415625092159056.98
450033863315440.05
458314948122342.22
466227501653732.20
469457644242805.88
485170462404164.06
487578976342150.41
508251419234338.14
516628786816873.28
522078050245218.12
523628542402893.33
525252585586740.36
548395241624026.71
549243175349684.37
554268365670680.96
567218651271906.44
575858400406433.22
593771725103061.41
607424818456090.33
629853331717061.89
650616593240512.69
650825130258215.84
654751100622428.39
657717831271828.15
657717831380681.73
674252723477677.32
677308025387829.20
690445256335460.46
708860887408798.88
711042412347426.78
714573514730836.42
728581698259604.11
732987378513026.17
741118256753033.55
744719160662915.51
749024226340554.89
772027421515073.49
788376313448683.94
807653867470389.15
829708620112811.50
843039617942828.55
854673599372533.86
860583046375396.57
860583046641706.14
867061858160635.33
871029659268112.40
873983543821397.97
880075355352181.73
895334626588486.24
896259087197983.18
919002406108078.53
933385473349379.84
941706245105186.50
949957077538230.61
971155310285972.67
986310355304531.06
992366063306093.17
997918938207399.00
998943288591926.87
