110017382517678.54
113306414146765.35
113959481112277.04
117228782111578.35
129551756228364.69
130187347567908.51
137709375274534.90
147626232137728.88
149673275197098.31
150391254830292.67
151020112618859.48
153925503446399.65
154586988169745.46
156184156302066.00
156184156415571.34
167640157356704.51
169338279222093.00
178060486200248.10
198855106223980.50
200146461357643.00
208252813552793.93
234380094286741.57
247889291136253.13
248938351296308.23
250189385448834.95
258550326218435.48
280797933632618.57
299490674219909.26
304435923111595.91
305260427111387.34
310209435456308.31
314940761446273.89
378330817114498.00
378330817180214.28
394188633125148.49
401214573190448.38
418405168268532.91
425263826107071.90
427653658143344.94
450033863756157.64
459758995333483.99
460581703149235.74
476873067275667.48
477743286151530.76
480704953163257.03
488775063329809.09
496793622408874.12
499467860560461.85
501284104405079.87
508251419516923.44
508925718103587.30
520080558176504.28
533363124429140.06
567139088409633.83
591566736283531.75
601866754546623.69
616044848338326.17
640296389662824.35
664704523134486.17
666163731441428.56
667125327692286.39
671538009530494.96
703711397201902.45
728419424141070.20
735416192108155.04
735815836288122.94
741118256132761.03
742107910205126.78
776612198104210.60
793913439755837.17
795096195376839.90
805107938349715.78
816562775172784.52
827936539226316.08
829708620263009.76
832048507254276.32
833743918217268.65
833786644164293.14
838038767184135.65
842240339759525.27
853800531195064.52
860583046165337.12
872643567223213.33
875501767800835.30
876982608358592.28
877847577149105.22
877847577308656.60
882234971733474.91
910985395596680.63
919002406290807.21
920265619188907.17
924747060232045.51
934000522508755.79
953276484102399.89
961832280503373.72
964957760647941.40
978017109496840.98
986919540127710.81
992366063341741.50
993163024296254.28
