104518388776832.08
109663353150969.44
109663353210204.16
109663353744232.66
111681384264326.74
113306414194143.37
119026684443394.75
122103994163502.60
132524384126850.30
135196155707137.85
147949197235968.19
149720314270091.41
150391254167563.11
165258260126560.84
193711006317899.36
213396943117265.69
223218265611281.60
231986561329946.60
233179776110209.36
234155102531802.94
236848862602340.82
247591311279030.88
250503993127604.51
255125620200429.73
256617553236824.08
268908366326505.68
275115779281726.12
280903690169884.65
282441191379714.69
287324315141236.35
291250183178669.39
297711458257578.66
305260427112281.77
305747566534935.38
306920818101627.13
310454191209752.46
318614657231219.38
323670838418861.22
323848130475250.93
335537630243024.37
335537630261209.91
335537630282375.68
337491743157892.26
366746235203365.65
375641375666490.66
378162833328328.59
418405168249873.33
421251419176505.21
426827475173487.98
428026116165452.51
429444957594109.70
460384223340932.97
473901580350936.38
506140362363747.00
508925718135377.78
508925718520980.31
557278620454892.62
576637740340768.01
582433833346083.61
593634266139307.82
598188631228094.93
623544731113335.00
628095494299483.68
638323057430644.19
655015427642077.77
664704523152041.19
669330235335152.97
670886330100058.50
677308025305568.98
680853772230860.99
684051160217256.08
694666401185412.40
697507876175809.20
703509375537231.59
709632903139613.33
712104267511426.67
715154514209660.43
720978012104293.56
720978012415860.41
728066349765075.43
763126179407067.80
764766950426080.10
786411085445941.65
792744363191747.11
807653867801284.75
815870915136866.26
833743918301900.64
852391417197987.67
854673599514287.51
870308841501334.89
892768447594291.99
906725953113123.96
911398268135257.79
935560774156629.10
947336821187357.59
952391123130562.45
953276484196441.51
981166685350640.51
988676105436936.08
998943288205981.71
