108890991355656.20
121946888280441.28
129875133330660.81
132524384336974.24
140787251107841.53
142695573106984.59
145294573751405.41
155306319447435.61
156184156164902.18
156184156422833.32
156184156716976.94
199568135167818.32
208252813747312.65
212331880129035.76
220072911161193.77
225086135504973.31
225300737311612.73
240606459295698.75
249420279253973.67
269555399167027.04
273918930121106.54
284228307134798.12
288996231490244.57
304435923133355.08
304435923164940.01
305260427206303.96
319656394281715.15
323670838114953.06
337491743703830.49
341952800549648.85
361194255772556.33
373471525106269.70
388875201544943.21
396829952169023.78
420541052169311.00
421251419827159.35
431781818320407.81
458314948363965.78
460129470173808.11
471857970164230.27
472672595213979.88
472953771125757.87
485692569248522.81
491246623177194.82
498143404279846.60
498548222125645.69
508860646146932.33
516473646199383.64
520080558589966.49
530289161569019.52
549249535104351.18
550920165243278.07
555415591283973.35
560162315706498.51
596116932257177.64
599814919183726.81
601866754333619.07
626305925318011.59
632295008246554.32
632481654336908.62
635752965181288.06
638323057205382.78
647684066585780.95
654751100214100.47
683783421102458.01
696762410234853.61
700404816102434.41
720735142262724.98
724554875118455.84
727460616136797.82
727460616221756.76
728581698104411.76
734534344826090.18
735952744125226.56
735952744852736.35
768760990437270.38
779898477700142.28
780307713102450.57
788874963100591.70
792126435454482.66
795878382617664.69
798927628377072.80
799447416171410.26
820522612146792.00
845007025259479.84
856453112255983.79
864408674488239.72
865921924537779.69
876982608322860.81
896018940381698.35
901355839375992.99
914803330103248.83
914803330575433.92
923698643171791.83
930363959258633.85
952391123114319.57
958776195454701.98
969405609290012.46
986919540120626.00
993893498134031.36
