100075100177733.14
101596937735362.07
102417505704666.37
107304349142947.18
107304349373627.25
113959481422302.67
135833912411681.65
149086189101910.39
159880267328755.11
161415507885245.20
162541070289535.69
174883568330090.22
197855977553685.56
197904816561513.67
208252813122811.04
226296901140064.16
249111475528997.08
266312721233064.62
280562852106869.79
280797933116074.39
280797933200074.96
286547825145437.40
305747566280422.08
309594392244489.81
315846409310006.06
323848130298961.64
329371056627339.05
345774001125925.49
367999686124170.44
376923868295401.99
383648179267255.80
408354382116147.71
415625092160831.97
422294374115715.82
453945758669750.06
465082059352947.32
469670122209908.93
477743286250767.19
486364990106894.60
490775374368497.28
505731999289618.57
508251419553448.27
510037513880293.42
515516619273733.01
520080558187407.78
525926278359355.05
532472558258860.26
533363124249429.64
557278620290343.29
559506176135097.74
560672299285699.79
568079403463713.48
576488475149811.81
578256628109832.52
583581204453552.51
589037736385741.69
592244826103047.24
592244826878424.97
593634266351082.43
597961118536106.61
604314812297716.41
607682491251931.08
613510744129075.65
614497745164124.79
632295008207199.43
657717831335440.43
668975990146591.97
669330235175769.27
692813473282405.71
711042412387606.25
714573514314246.51
724554875122864.11
728066349837594.44
736105066108677.00
741714598340630.74
744719160493122.85
756409715267875.29
789835972589249.66
793913439140807.63
795453330335884.45
796309849575868.03
805107938150651.60
840052418196839.91
842240339409544.91
847566961162241.92
848909968562859.46
871029659294736.64
874448514206938.85
878534299629988.82
882053089268099.84
885613601172605.93
909570481112047.60
914803330230118.12
919465042124697.15
948481987563775.10
958140136218461.22
965364270216392.98
966461342350121.83
990095516131763.77
998254744717171.32
