101156577246524.63
113959481182851.90
117228782297836.10
119026684745640.76
119611116154838.34
132447352585452.93
140787251122543.90
151020112238395.30
151926654122063.00
163061073227570.19
167519799126371.87
167519799280725.29
167519799320412.27
188334686335100.79
189515767328297.55
209331946305859.55
212331880320215.65
233967114106293.79
242190041441855.69
246578626330158.09
246921183111189.85
250503993220363.75
252146182377623.95
263492694434784.33
280661619644139.37
281436615385066.28
282441191502859.11
310719616195672.48
334193213355801.50
334193213366699.86
360760357191551.46
375468241209823.00
397308858537214.58
399791202126133.56
406053005293527.18
408575433626137.57
413082880187309.10
422294374117993.84
424687486185160.46
432482257316586.98
433249952113592.58
450033863425740.96
456482293112773.80
469670122142586.69
469670122186073.78
472672595296557.68
477743286211086.70
486364990103379.62
488775063204396.01
498112669205101.43
504584172344620.32
516421257127341.04
516473646205316.01
525252585339177.04
525446383210046.19
526668130514216.48
532377979452217.86
550392053114910.26
555790640367544.30
576637740295745.04
579977556158225.63
607682491666737.21
629853331699976.00
645141474111454.47
650275710433103.66
650825130183532.00
657572634242057.91
664704523224365.28
666713328146554.23
680853772258566.13
691505122156561.47
700404816164856.46
709753591722572.48
726534543651648.31
726536216116702.32
733279489565538.82
740892337124624.33
745820413245879.92
764423530431314.14
774369338108069.90
774369338671030.81
788874963106547.90
802764368339735.57
803192777796952.64
804301199142915.98
829708620545389.06
832048507447990.34
849037548471217.04
852391417172637.28
870308841170030.90
877735379345578.22
905129322447889.57
914557218162711.12
929784486175454.32
937277590497139.68
952391123126618.29
954384924612200.04
961832280230300.42
969405609437025.01
996402539269589.75
