102260703164332.51
102417505243681.90
102981320689661.00
104518388439596.36
107304349118868.25
109663353352549.51
110214774282141.25
119611116175955.19
134195087131643.13
147949197219832.27
156184156192460.60
169154377105888.24
173696140542255.62
177510149125212.59
183691383107865.74
211473251107413.02
228054518367199.20
231986561121800.25
241633719459776.57
246578626870844.50
255906899200764.41
255906899385352.28
285241161100525.45
285241161594340.78
287324315619927.71
291250183138581.86
306920818121027.08
322087967542048.34
327010449267286.46
335715381218174.27
338290715100909.46
338290715240536.36
363593682642651.61
387186313146130.86
391123961647290.12
416461717313628.06
459758995541979.35
462462168712684.80
467196963916068.36
475728122187353.93
485170462343903.99
488888112160698.12
508251419215532.40
535091207196921.96
540275431312750.28
554268365124199.19
560672299152065.05
573070853215495.86
576952335112984.78
578677978133064.23
579716532248042.53
579977556393606.47
583581204112598.76
601866754674099.68
607424818367463.68
609357423106620.26
613510744758895.14
614168147142230.62
614168147260481.30
621018422641611.79
645171319120660.25
647684066113624.88
668975990183704.20
678331562466561.96
688045796115010.06
690445256700825.55
695593032231026.00
703711397471258.42
728066349494701.14
731333851270208.80
732987378192358.83
742325919284562.14
755416563102358.36
773516741308883.21
787277561246775.82
788447113111632.43
798927628184429.15
800602389569055.99
803824523159376.24
803824523196362.14
804301199334669.25
804301199625336.62
812469877215910.20
827936539128473.64
840052418257010.70
843039617400611.14
845007025177328.93
858619365582852.75
861673124134773.46
866362412105718.96
866362412192271.03
875501767218254.49
877735379326126.71
880075355786417.21
934000522183220.98
938586701114011.52
941706245100762.01
982766375110306.05
988676105104535.34
993893498157007.34
