101156577127022.43
107019140136696.86
129875133534646.02
132524384111960.66
137281364479098.19
143616141360011.85
144086960453298.70
147949197269669.29
150753271200577.19
159509387119484.39
161415507124815.06
161415507542679.78
164904976801239.92
169338279668028.25
177510149556669.56
188334686199028.23
197435531114120.77
208252813735183.58
246395504246476.15
246578626240064.14
248938351149936.42
250189385433494.40
250503993589220.86
253356546175313.58
273918930118541.31
280797933521687.84
281436615722952.05
288996231408687.83
308106984206345.81
308106984214839.46
310445634192403.63
318614657361111.20
326213588919861.44
337491743701286.93
347564606371693.00
373471525260693.72
376923868191030.69
404175752525776.08
407116351116073.63
418304933449132.74
426198015210550.52
426827475799813.89
430429762439648.20
433249952250532.40
444632472145027.57
446667759101054.80
477605614253905.46
496863696154691.12
518109934120231.28
525361683345437.97
532472558452084.87
567218651100701.06
579716532113684.88
599199529713411.56
607784672521231.27
611824131103602.46
621018422127296.56
629853331219198.03
629853331315090.40
666713328659617.96
687051228324454.49
695593032300164.67
720638406343653.63
726534543360925.32
726534543427025.75
727338137224057.15
727460616419933.98
728290540103895.02
737774362336133.52
741714598557334.26
743605154231640.21
763126179182215.03
788376313693516.34
788447113524443.41
789835972276747.26
795096195280159.81
812342285362202.28
845007025250598.10
848425763182079.69
849037548413783.90
860734034146318.21
864780379242543.80
871029659275460.03
882053089169188.55
885514539254708.21
890228256163277.98
893082188650852.52
908450089140654.77
916303780307364.13
918892608412201.19
919002406406246.65
933389717670692.27
945122047143669.23
947336821297142.39
952093581123863.40
952093581527587.06
969405609142474.35
978836641199151.85
978836641725030.68
992958791759503.85
