101156577155674.84
103880243696854.41
109663353141254.34
156184156144863.87
159880267713403.20
168112199116883.01
175584179364158.31
185152448273041.60
185152448360784.62
197435531228749.57
199568135219024.28
200675412319722.30
202824367126985.65
213396943394131.90
214875375156445.07
232534761584605.46
234155102143221.31
250189385309225.67
255906899229873.22
272709278394507.99
275115779529385.81
276903838313710.41
282879114124823.65
286357906149870.95
287194096564377.17
310454191108007.32
342074651943577.31
351530440114279.18
356203328357466.68
356203328381609.86
356203328455139.38
360321320556372.75
360648093369961.34
361194255174832.87
361194255523784.11
373471525536175.98
383373004788146.05
388303403205551.06
388303403507155.20
427653658127781.95
450033863107740.27
488888112254906.58
516257727101157.85
516257727665590.76
522078050100717.04
525446383699439.93
550392053330493.91
555790640596477.03
560802817121944.66
567784105159765.78
569486726161424.67
587327921578618.54
609956325420348.28
621435036179533.68
639863652348636.34
647684066119736.35
657717831104031.00
696737516138591.01
696762410200566.55
703711397360896.62
712686604155451.83
724554875117763.52
726534543463642.85
727460616547620.86
728290540671917.54
737774362681466.19
743605154740368.39
744080844269771.16
751107410333814.83
767090797692225.65
775854690160976.33
796309849218713.76
798927628180783.44
799353999587551.58
800602389494318.61
803192777532143.90
811375238208537.44
832048507328338.53
845007025510891.22
847566961342948.38
848425763428346.85
864088029442042.95
871712010356799.42
873722327158933.14
882053089370559.54
885514539133357.80
896259087215989.64
919783045602398.82
938084343134605.00
939409678368323.98
941706245354972.66
952391123472273.59
952827865497434.72
954384924128615.53
967522635268919.34
967522635752277.14
988676105169883.31
992484817133508.51
992958791561768.89
998254744190337.13
