112571729122471.68
112571729131378.17
128053188107480.27
132524384421394.61
137281364107631.83
138693034588911.34
156184156427376.12
162541070102057.02
167002917165625.75
167519799122136.59
183691383775659.13
200146461102363.55
206331108111665.62
211473251101588.50
212331880245466.48
234380094349151.14
246387732144846.75
246387732818999.17
255125620157139.98
266312721379238.69
269555399198638.62
280225069161686.54
286547825483567.28
297330673612380.20
315846409102973.55
319656394244213.51
335537630156470.43
360760357485156.06
363393550122367.25
366650656235258.27
378497248188971.87
384080914405113.56
388303403251170.60
406053005197216.69
413890988248156.69
424507928454759.68
425836396175258.03
433249952101535.40
436541345381757.15
458889106180347.69
458889106264309.49
465082059922346.35
486364990939451.64
490775374134187.31
496808525132863.65
498112669452720.51
499053599804857.57
511077882698591.10
522078050257491.23
525926278211265.59
532472558320932.74
533172258272210.06
540275431306693.02
548129152156606.10
553656369107384.28
555415591140958.18
573070853374023.76
575858400446376.52
577980947101478.51
580510726345268.02
597173782118736.89
597280119692718.20
597700047172593.67
599814919512678.67
614497745588044.61
621435036651303.63
640296389141522.73
640296389728706.28
650275710397324.52
670886330722371.71
687051228219342.51
692813473581426.64
703711397435828.99
709753591490592.52
714573514105143.18
720638406150149.17
722593429230660.73
727460616220129.21
732987378540312.10
733212816143086.32
733212816531424.44
735815836107678.26
737774362581771.15
743793189176141.08
744111618510500.32
764766950205942.83
799447416277740.00
801071882521181.19
812342285110341.60
816562775476649.92
820522612192548.32
893441803315656.56
895334626197585.90
918892608482693.79
923698643198365.16
948481987177199.73
953276484253362.24
953551961293887.84
982766375269042.16
998943288418190.39
