103880243451661.87
106055610698896.57
109663353116969.98
110214774195198.04
129875133347435.05
130187347283514.63
147626232696073.05
149086189321726.32
163061073209003.38
173696140374095.79
182774156146123.05
197435531163397.11
223218265178667.67
238163265130324.44
250189385536626.98
288996231417191.29
289860384439826.67
325918281175590.92
338290715420347.11
341952800120315.07
349996174357583.63
360648093199513.94
375649427578884.19
381543660420840.58
383373004131804.84
391123961219100.00
404175752672931.09
404967312111143.89
417123406348586.82
418304933219585.18
425836396110069.35
438571031207000.29
446101021139483.61
446667759516014.42
451898397150470.82
452907513170397.37
452907513666247.01
454505347227826.42
456482293125973.77
462462168461408.26
467984196250996.40
485692569157869.66
485692569582373.78
502176650272100.08
505731999520384.83
506140362403134.09
510332426116727.15
516257727698798.66
516473646317683.72
516473646350754.30
516628786502376.02
520080558247902.30
532377979198448.27
550920165134098.85
555401971271290.93
556605206866808.93
560802817204060.23
579716532285706.84
593771725280949.58
596116932106124.78
612217407237603.00
629853331398767.44
632295008290045.15
637624644519509.39
650275710798317.35
650616593502577.53
664704523622443.03
689530017103619.64
697507876692355.74
705077862583400.66
712686604166142.38
715154514161985.08
720978012200213.17
728010978169167.23
741714598406365.23
765191526134820.50
792368394257212.96
799353999386075.32
799353999504997.62
803824523196384.92
816562775416297.90
833786644667502.37
840052418570482.86
842240339568988.43
844946410174390.71
844946410304561.16
848909968444903.95
855602001106524.95
871029659356162.63
873722327376930.63
874448514750723.99
885514539106839.92
895334626653944.50
905207705194163.40
908450089258593.12
920265619801754.85
954384924355030.04
981162480463988.35
990095516667044.12
997660003728010.92
