118365161158331.13
124915162219871.89
129551756141997.05
133904151325013.09
134195087304245.17
138759230135616.03
144086960901322.31
145294573103245.20
152798968187552.00
162541070101583.59
164904976286278.10
165258260256857.13
185152448231521.69
194810104418711.07
232668625491562.14
233179776383806.00
234742004140510.20
238163265123245.25
246395504139234.77
249111475581766.63
269555399133118.03
270329525305761.45
272709278252221.40
276903838494433.14
282441191383393.87
286547825115648.10
287324315114918.75
300372299230034.83
322087967114270.61
327010449165074.67
351530440476934.32
360760357122527.57
373777889174525.24
387186313303530.77
406053005181640.77
415625092810926.51
416461717252532.94
416461717740410.83
426198015108446.47
427023543129308.09
428026116280740.50
429444957162264.37
432482257303727.00
433249952115606.76
435830994402759.18
446667759649309.48
460384223207966.22
466227501348956.43
468868295113890.14
469670122271137.74
491246623219027.05
492413974313752.54
498143404128257.69
503832403119618.85
505967417307462.12
546254123618942.03
550392053231784.69
557278620474651.07
567979109140012.06
571352753512699.75
575858400484440.49
585432648141896.33
591386815282811.23
613510744475478.71
632481654350938.60
650616593217205.85
654751100437069.37
657572634331974.99
661371803116880.23
677308025271747.29
684051160166841.33
691505122187850.32
692813473104740.35
708860887363016.65
711042412493690.75
731333851375307.99
732987378273813.32
732987378722365.64
733279489401264.42
743605154548301.81
744080844157309.50
767560600508532.12
804704037355023.97
807653867141454.77
807653867247623.85
813061542321565.50
829708620540538.47
833743918286831.22
837956843405957.62
838515118590232.19
892000970456208.56
892768447321559.79
896018940308884.36
903491103525915.06
920265619231284.82
938193381385133.73
949634743133005.65
986310355155286.61
988676105102102.82
992958791482361.91
