106055610653873.14
108890991165683.62
132447352204790.93
147626232262994.63
149086189151730.25
149720314406945.05
165258260338844.78
175584179106480.32
186382757376682.27
202824367592311.00
213071140390021.18
223218265540311.87
225300737166850.96
227842032175415.86
246921183367469.78
247889291691869.77
248284961117429.38
252146182115163.81
255906899292199.93
263492694118508.30
266312721197946.48
276903838164814.92
276903838187689.18
291250183253737.92
305260427695967.40
317453153620382.89
336960695391077.04
342074651511369.22
351530440392326.29
360648093556634.16
360760357646359.12
366746235140787.97
399791202119302.04
419600217484063.33
424426699266474.38
453945758212850.13
458889106460818.27
460129470526499.85
465082059545562.71
471857970652002.27
475728122190311.89
480704953462246.87
488888112579365.66
499467860297533.35
503012100256916.99
508739487129297.33
526668130249809.15
530289161651899.42
559506176731157.09
592244826705025.60
594043398120771.17
599601333134989.21
607424818145491.84
629853331370312.49
650825130150894.49
654751100335613.45
657717831442197.47
668975990205735.41
670886330100696.87
687844703120371.97
695721158516603.98
697268393719837.28
700769920233550.57
708860887350205.78
709753591544262.22
720735142117957.42
723153061129285.81
728419424392728.75
728581698173558.58
734534344214026.89
744111618131026.23
767090797139681.02
772153147136963.22
772153147334837.25
788447113128913.64
799493037111671.01
799493037498485.72
826458235272797.60
838515118378623.95
845007025398863.78
865845907197287.12
875501767195094.80
880075355430870.43
892000970242828.49
896018940269347.29
903491103218349.90
905129322111029.94
906471339812684.17
919465042270552.57
919783045178113.60
933389717116221.72
934000522564722.00
947687206294298.75
948481987276019.56
949957077102008.26
949957077389114.58
954384924268244.27
957987877263131.55
958140136154895.13
991842459213753.62
