106055610112526.17
129875133341843.58
132447352105908.28
134053382103028.55
134195087418331.51
134195087465115.74
143900095251222.11
147626232825658.91
160006487978802.16
163232964118807.74
178758666371565.83
197435531179257.99
202257991152161.04
226296901579064.63
227024004273173.42
227842032196527.13
240606459286198.31
248938351379529.53
270193205443231.06
272709278743979.70
273918930164252.59
280562852323292.86
281506639120195.08
284278668358566.50
285241161102657.76
303129987320505.56
345774001817717.70
349996174281032.40
356708742230249.60
363393550193426.94
363593682120800.50
366650656135006.06
383373004365926.17
408575433165363.88
426827475722889.96
427992830391587.12
428026116103101.39
444632472130586.30
446101021270062.79
446667759107859.30
451898397104090.22
454505347226759.12
465082059329604.06
467196963258850.71
496793622362397.43
503012100240961.40
504584172206239.63
506140362652952.48
508739487703248.17
515516619356283.93
527367550274899.35
532377979546083.58
556537470778244.11
564477851177087.17
575858400395478.79
589037736209493.98
591134335248344.46
609357423589636.52
616044848827771.21
664704523574630.53
670886330754632.24
674252723126349.40
674252723747455.77
688045796308127.17
697507876644983.20
705077862644195.45
715154514429334.76
720638406108205.32
726534543112714.18
733212816304503.09
734534344642967.47
741118256616131.64
744080844648154.76
746772132105948.90
764423530130403.17
786411085101672.03
787448057290929.11
799493037579608.06
829088534689362.96
832048507113740.16
838038767337695.72
846251855334928.10
853800531290528.17
856453112489973.89
864780379238174.96
867061858620240.29
871029659658078.36
877735379210428.28
885514539105189.23
892768447165880.45
905095305155651.48
905207705286640.24
906471339664190.63
914803330292938.16
914803330356666.14
945122047178322.22
952827865596832.61
961832280560971.81
981166685594595.35
982994214261261.71
