110214774586639.39
121946888523227.26
135196155280692.79
135196155692984.56
147626232489063.21
149720314647188.56
156101978100556.59
176108647147082.37
184883882177213.02
189515767114681.78
213602432210388.79
232534761216238.52
240606459211125.93
253356546202318.15
258550326517542.18
278219696240488.97
280903690118655.60
280903690437761.17
299490674109059.10
300372299766960.18
310454191102720.53
323848130106999.83
323848130848023.38
335537630114460.89
342074651114724.85
356401591159002.86
364950395201168.09
366746235540020.04
373471525138117.69
374363533332783.65
376923868417674.62
387186313106553.14
387186313691037.41
402010932169400.12
413082880290197.57
413890988586733.76
422294374438053.84
429444957612510.43
438571031684254.56
444632472220487.47
459758995242473.12
466227501488171.09
467196963210779.07
488775063137115.27
495390908583346.47
498112669404160.61
509446156189005.11
510064144366941.95
514855712193524.38
516628786104513.60
522284048244393.29
525361683191409.12
555415591113498.95
567139088100821.63
567218651437523.49
568750929491167.19
570950541503368.20
591755775450716.31
593771725403440.84
594043398561412.79
607784672249127.51
614497745357157.15
664704523226939.96
667125327106275.60
668975990274479.64
678331562141676.76
700769920221110.90
705077862179576.44
712104267377959.42
715155736151038.43
722593429239109.38
722593429244154.77
728010978519276.12
744886514111106.34
749024226144246.14
772027421100303.03
775854690340761.97
779898477152583.26
788376313193925.51
792126435178281.58
807200119175739.23
838515118132967.27
846251855274102.52
871029659122813.44
872643567116708.21
873983543100767.48
876982608258047.18
884259656534844.22
884259656798192.91
885613601123090.81
892452887116684.23
895334626365722.82
895334626521659.61
896259087476785.82
925380943492418.42
935738051129757.77
941706245121053.92
966461342848494.54
984950748255828.48
997660003121846.28
