102260703284772.19
113306414560050.18
119611116388641.12
122627851226650.94
127662812296515.02
134195087275500.67
137281364325222.55
142695573129325.84
143900095241227.40
155306319353960.58
156184156132297.01
156184156509314.76
160006487364966.03
163061073881779.47
163232964210517.64
174878306117613.45
188334686214025.65
189515767293054.30
190193297170840.33
211473251432523.03
212331880237105.25
228054518495193.54
246921183402805.70
250189385157728.68
269437650103456.48
274765790179127.60
280225069308567.80
282441191201827.23
282879114683658.75
285241161230741.54
286357906557184.95
305658630544338.47
315846409300347.69
334960441848698.35
342074651202514.29
342896477246165.92
347982043236141.48
408354382142603.71
413890988426775.91
415945167933043.14
475728122103298.10
476873067281761.10
477605614111321.73
477743286195231.88
488888112163901.19
488888112338341.07
496863696186365.67
509446156465764.86
516473646342302.80
544841969233665.61
549249535196063.13
572337884292602.13
578256628250611.77
597700047135117.25
607784672320265.29
612217407116854.70
613510744313584.51
623544731117572.99
657717831442633.03
667125327273047.22
684051160225962.53
694666401127870.96
697268393900651.61
714573514104992.87
727338137122544.72
741118256225987.72
744111618724183.20
751107410289411.46
756409715163203.70
763126179330154.91
764284963883105.46
780564297192532.51
788447113600467.97
788874963339502.06
802764368893699.19
807653867238667.04
833786644118808.15
846251855247222.03
852391417399207.28
858096665595920.10
865845907731021.16
884826319175720.12
893441803110473.32
906471339114591.23
909570481694989.10
911398268531987.27
913977793305075.25
923698643108564.11
925380943111653.88
938084343152335.73
938084343176516.83
938193381567649.52
938586701344780.46
947336821233621.68
957725074102283.46
958776195110163.27
962693075130582.27
969405609147727.83
995876448748082.49
998254744341732.55
