110017382443989.12
118365161102912.97
128053188221736.60
128053188569377.59
134195087866968.65
143616141634968.56
143900095772022.59
149720314124874.51
154586988210419.09
159880267242423.00
169338279461895.02
177731427337042.44
193262678128838.88
199152613341609.14
204235604438206.46
213396943158070.83
223218265129754.24
227842032151896.34
242612545243285.52
250503993152775.88
251687419152433.39
255906899211428.32
286357906256186.89
300585303176025.36
305260427481477.58
311939514390205.33
318614657176319.03
322087967702767.09
323848130242940.26
334960441414805.23
334960441648958.73
336801473138003.89
336801473687767.49
340842280204368.28
344397779189548.62
351530440194363.70
373137581137811.84
375649427114795.33
375649427194937.73
378162833336391.57
378497248591056.27
384080914289278.74
396829952164732.90
398336007249550.08
404175752154932.04
420096621189948.36
424687486328671.38
430429762171055.99
480704953669082.96
488888112848650.03
499283581185435.32
503012100177376.29
503122533151338.47
510037513316789.92
510037513655815.40
516628786535338.03
520080558107577.51
533201440129418.47
533363124158650.98
540275431105323.15
544841969711550.93
576637740127967.73
589037736208561.42
591566736443620.14
591755775114629.55
591755775236451.89
596735948601675.94
609956325797833.22
616318415217712.79
624782179116993.56
632295008446269.07
635752965378538.66
672665835798569.90
691505122386485.02
696737516545839.68
711042412681226.02
715155736203536.05
725651968609110.53
728290540404915.64
735952744577505.58
743605154143991.46
750482494263038.02
764766950268622.03
764766950277651.68
767923546309855.00
783558945735764.30
796309849516614.02
807200119296125.40
838038767340814.84
865921924172756.63
890755827561506.18
910985395272473.07
923474867230938.79
929784486318129.13
933389717639891.10
937277590438332.59
952827865756069.96
986919540123325.45
990095516233051.35
998943288204078.64
