103880243119342.43
121001410501963.40
122103994325355.48
127662812524338.70
150753271468749.27
151926654223428.56
173696140382506.55
173696140761234.01
186382757462697.00
197855977338645.34
227024004209586.28
227842032237747.41
236930781816914.74
242612545146786.10
246387732207049.61
257911652267730.26
260220807478031.91
263492694108489.24
273445992274333.34
275115779143956.60
280797933467751.08
285241161552928.97
299692662308467.85
300585303108769.84
302257891251854.58
303129987102633.87
305260427159055.24
308056990489797.47
327010449273363.98
334960441408018.26
335715381761332.99
336801473230561.11
336960695699544.52
347564606201957.42
356401591136326.58
359988945404058.90
376923868147684.68
388235755471476.14
417123406300795.41
421251419313579.75
424293071479492.01
431781818158605.38
451898397597500.73
461009699559420.24
467196963335955.92
469670122148524.13
469670122220428.93
471857970196628.19
492413974112975.85
516628786243591.40
522284048366407.93
525926278400586.17
532472558216528.78
532472558265580.74
533201440693324.72
550392053205399.17
567218651338354.98
578256628195710.43
579977556133818.61
592244826275087.64
593634266373671.96
607784672550268.83
622018493292362.14
626305925395961.76
637624644649718.48
639106352105490.16
644375478702216.96
668975990237256.61
683783421178931.68
688045796114033.19
700404816110731.15
717732308593131.99
728419424146706.52
735416192556347.13
735952744264378.78
743605154305464.04
743702952211362.75
746772132214605.86
751107410305420.13
756409715324969.81
772153147611731.62
779898477322221.50
805107938606751.78
816562775683325.18
832048507619580.07
833786644420732.53
842240339129644.19
847566961116135.18
856453112136703.83
865921924430261.88
876982608199580.28
878061989120654.15
885613601195937.24
892452887229372.87
939409678182584.88
941706245134808.51
944771490316594.04
958140136139321.39
982766375119539.45
997918938419280.34
