101596937499782.52
102260703128670.12
102981320119952.97
103880243432973.97
106055610186644.72
108262806267258.64
117396658185016.79
159880267501565.55
160006487167698.75
161415507156612.41
162015601759001.01
186382757123625.16
200269226181177.45
202257991428933.79
205373035320705.21
206331108550078.07
241633719726568.01
247591311102252.49
247591311625011.67
251687419318200.09
252146182486883.70
259683861372545.53
266711588254131.74
273918930240342.97
281506639106621.00
305260427508634.88
310209435797598.82
345774001104116.35
345774001164581.99
373471525169309.10
375649427106956.40
378772748244734.47
387500606175881.25
388235755489114.78
404967312501594.34
415945167322346.35
424507928115653.59
438571031184296.55
455563512342863.93
455730993171506.65
493683428263033.30
496863696484841.28
499467860559956.39
503832403121906.47
509446156264386.55
516421257495981.65
520080558126786.51
525252585124239.51
536388893460691.03
548395241116893.78
556537470263856.51
567546933852929.77
579716532125711.44
593634266261896.66
593634266539316.55
594043398143011.94
594324319169423.44
599199529460559.96
601866754380110.85
612217407155631.05
621018422382774.49
628095494270025.13
640296389217590.88
644375478407807.26
645141474749830.12
669330235380497.50
674269389271585.83
677308025961719.72
703509375191233.74
709632903223652.50
728581698338247.59
732987378330873.17
735952744416809.50
741418570412278.23
742325919113091.77
743702952161679.84
750482494166766.01
756409715170199.95
771243486145760.44
773516741111639.67
779898477268409.03
788874963962423.76
844946410227726.63
846251855846534.97
858619365419496.28
858732508258739.58
861673124208589.53
864408674344081.44
874448514504040.27
885613601135139.28
890228256146015.32
918892608585408.01
924705809281610.12
930363959119838.08
937277590336705.00
968882645338579.36
988676105819389.97
993163024168610.07
997918938113577.55
998254744190157.09
