107304349521413.64
110017382330933.42
128053188719597.21
129254821729557.36
139450583109853.50
156184156324911.81
159880267674416.34
164904976174025.80
164904976238289.40
171346863296739.38
193262678142453.04
197904816146265.98
208898303186825.60
216594016122448.40
231403051870786.94
234155102531011.64
249420279563921.08
251687419245113.58
266711588118130.43
273918930176712.78
280225069107504.09
280661619526117.24
280903690464186.80
281506639695652.11
300585303125477.68
308056990169784.42
322087967111430.13
334193213241185.97
356401591304708.21
374363533442279.29
376923868338788.70
391123961222517.92
394188633229861.18
397308858151932.80
402010932210231.99
413890988187409.78
413890988256082.82
420541052319448.38
430429762707052.02
444632472240361.12
467984196210508.19
472446118506515.21
476386452530825.53
492413974579177.84
501158925813221.42
503122533266255.42
510332426206085.79
541413187101614.65
544528724921377.36
549249535252949.62
557278620326987.75
560802817101939.51
564933553131770.30
572884241230183.14
578677978325794.82
579716532810841.38
596735948172011.21
604314812345673.09
621333885366638.27
639106352802497.64
655015427183661.55
677308025147676.40
680853772227708.30
689530017157809.10
690445256202493.51
694666401124962.36
700404816307676.24
715079332527189.27
728010978218252.85
728066349444202.79
731333851423095.61
741118256421690.35
741418570207138.88
743605154297113.67
752909584412203.23
764284963435001.68
779898477367344.80
794920973437340.45
799493037463117.73
811375238151911.91
813061542384701.40
848425763427307.07
848909968352891.79
852391417110704.57
855341876140034.41
864780379479907.75
865845907486106.96
884826319646933.43
893082188342822.22
895334626190062.53
923474867109617.83
923474867604061.30
924705809128205.64
924747060117179.82
934000522205897.96
945122047190255.40
952093581252457.02
952391123561936.89
953276484378579.09
958776195360252.24
