119611116290376.33
129551756353756.14
143213151297828.88
143616141209809.66
151020112120303.35
155296524533235.91
156184156147153.42
159880267223231.15
168112199605927.79
169338279105526.75
171346863124760.01
182774156143631.30
198855106255045.86
199152613207714.86
209331946106851.78
213602432159937.23
223218265119119.00
227024004220099.28
231403051196706.28
233179776853912.47
249111475467767.62
250503993399737.68
269437650161836.61
275115779164456.08
280225069100936.73
282441191102015.69
286357906151382.80
302873488218352.98
305260427115618.68
307552687868600.51
308106984438230.87
336801473874627.54
359988945195061.67
363593682220985.09
364950395262723.36
373471525835790.41
396984280711651.73
424687486171595.58
431781818142095.11
434306159122999.81
454505347726400.54
476077303111231.12
493683428103483.87
494404564300714.77
508251419282714.21
510037513732339.01
511077882182693.36
533172258122886.03
548129152394194.05
578677978464075.32
591566736266650.07
594043398451559.21
596116932364895.88
609357423403408.49
614168147582208.69
621435036218417.07
621435036267703.55
631229305248219.44
636087692107204.33
639106352259123.73
643780731193178.12
668975990436903.74
674252723634029.17
688045796624489.65
694666401746261.91
703711397386064.68
715079332383996.93
717732308631577.12
723153061265191.50
724554875504336.50
735416192484800.59
741418570192946.00
742325919297699.15
743582967250755.14
743793189488188.69
764423530551785.74
787760922157240.48
795096195337774.79
800719960620207.96
802764368122616.98
803824523497369.85
804301199258068.00
813061542217067.52
827936539376662.48
840052418447004.48
858732508139644.78
877847577172057.74
878534299119975.35
890228256246206.66
906471339375508.99
909570481371503.19
914803330159970.96
923474867191274.85
939409678418914.08
955829535480776.47
964957760106816.09
964957760472876.49
969405609171658.21
978836641381430.74
995876448329542.08
