102260703156128.70
103880243484701.65
122627851668864.04
128053188317394.33
135196155593316.79
135196155617721.11
139450583237797.55
143616141241567.00
159880267278763.22
162015601251432.34
163061073350032.54
173696140109160.47
197435531406513.53
206331108671621.78
220072911536958.31
225300737386349.44
238163265212989.37
242612545484814.70
246395504648991.29
249111475596742.36
266312721138520.53
275115779628439.83
287194096529745.55
304435923216528.22
331804862418683.60
334193213268974.75
374363533359444.59
381543660164805.03
394188633404418.79
416461717234801.91
420541052372616.53
427653658103760.20
459758995285652.87
460384223218981.72
461009699107627.98
469670122139506.51
488888112500422.88
491246623284747.91
496808525189672.36
505731999114336.69
508860646207611.46
518109934592218.55
522284048662596.03
554268365862740.22
555401971420779.25
568750929172345.66
575858400675185.73
577980947498108.07
597173782245937.51
598188631475966.04
607682491318040.94
613510744104024.74
644375478527965.90
647684066349098.84
667125327265846.14
687844703381617.59
688934511631405.41
695721158172106.65
696762410220220.70
696762410358172.48
709632903616656.73
723153061758593.43
728066349143369.39
728419424580995.82
735815836198731.57
740892337115373.90
744080844363902.38
744719160686755.15
747484841128124.22
749024226437910.71
752909584158426.64
755416563293785.20
764423530213748.06
765191526126130.19
772027421535991.06
779898477313067.70
787277561314873.10
826458235456333.90
832048507785241.68
838038767193574.06
843039617476800.07
848425763190664.84
871712010640656.91
875501767399993.98
882053089771061.77
884826319358949.18
896259087183412.38
906471339110860.50
906725953776559.73
910985395122981.93
924747060269958.88
935738051183808.28
935738051207920.32
949957077573009.62
978008602110137.27
982766375159735.27
986919540356222.48
988676105200403.24
996402539123435.34
997660003122658.78
