108262806358079.93
122627851152645.69
129254821137364.48
129254821497047.49
130187347102038.81
133904151136041.27
134053382131183.37
134195087403768.21
144086960229276.03
147949197266719.24
159509387299756.21
161100836503589.26
197435531626811.03
199152613154334.54
213071140150813.22
213071140219720.00
223218265313167.21
246578626559943.49
249111475143475.66
253356546375011.82
255125620125071.47
273445992467859.46
276903838483649.88
286357906105822.03
309594392319782.70
336801473451611.78
336960695281361.55
337491743101620.78
342896477279011.35
347982043169819.08
359988945399018.58
363393550303704.06
373137581111122.25
373740433229481.14
375890823217822.00
388875201165957.06
415625092249001.81
458889106112896.67
477127591486930.82
480704953315333.41
488775063862677.20
501158925119578.94
501284104297985.31
502176650188033.48
504584172443157.97
510064144552887.81
520080558353415.85
525926278115447.70
533201440243501.42
536388893290256.10
540275431131555.34
567979109117441.91
568121813132176.23
572804719221228.54
576488475332869.70
576952335613358.87
578299020117012.93
578677978470042.71
579977556927846.20
585432648147773.71
607424818107798.91
614168147358274.68
616044848447108.39
616318415368150.51
626305925157785.92
635752965449968.70
688934511614448.18
720638406275779.02
720735142103094.61
723153061214028.45
744080844427415.38
750482494229649.67
755416563302184.87
775647608505391.66
783558945297426.59
795453330165373.66
800719960162928.48
811375238147324.61
826458235128020.61
835653081391375.32
840052418736259.24
848909968273921.69
848909968656153.52
853800531413702.28
874448514821683.66
878061989715766.86
880075355176987.91
882234971790502.76
919783045206439.30
935738051243871.42
937277590242427.39
938586701406131.93
939409678222101.39
947336821337014.31
949634743154448.88
952093581170380.40
954384924368355.08
982994214579066.00
993163024638030.04
993893498190252.38
