101156577115442.82
103880243196007.49
109663353398566.79
121001410185332.67
121001410369183.77
122627851120658.60
127662812122704.09
143213151415267.92
143900095355735.03
147626232223262.03
152798968505687.78
156101978121772.32
161415507318330.67
167002917102481.45
171748766218636.82
178060486203420.30
184410327161868.15
190193297113712.09
198855106357023.55
231214121519685.30
234155102251697.74
234380094126631.54
236456055131608.00
236930781112307.48
236930781582288.23
240606459269913.06
253545920539621.62
263492694372053.57
269555399113097.81
286547825335841.93
300069649605044.05
303129987542165.48
310445634403298.82
318868292316086.01
319539594421510.94
319656394548600.81
341952800201839.55
345774001119654.87
363593682198883.60
383088531532208.49
387500606725184.24
390209274209630.38
399791202373007.42
415945167117276.39
433249952100074.12
436541345467321.39
439202619140699.81
472953771606173.95
476077303413573.08
485170462308459.88
489537808546246.76
495390908762996.79
516421257151848.73
544397782113971.27
571352753242865.02
573070853420435.89
576952335189014.41
597961118247571.58
614497745296044.54
638323057126918.51
639106352347316.39
645171319117619.94
650825130102007.73
654751100552340.56
684051160366028.07
684051160636314.84
695593032232880.54
696737516478421.08
708860887695693.77
723153061759629.14
727338137307226.90
728419424121899.74
735952744321844.78
744111618368910.83
747484841600602.09
767560600278555.57
767923546121731.69
767923546447481.85
779898477496131.91
783558945608314.81
787277561643817.65
795096195350641.85
799493037216112.09
800263855533563.72
812469877281921.51
827692583170424.00
827924954239011.51
834417306137852.60
864408674462814.14
883906066348579.85
890228256237714.39
891172890112810.74
905095305269760.39
914557218837631.35
949634743699663.76
951461889139634.83
980803054477961.11
986310355189068.93
986611199433428.37
992775582175903.74
