117228782657155.55
118365161142513.35
122627851153508.57
122793853170530.00
130187347151629.49
130187347351930.11
134195087969942.73
138759230102523.47
140787251246968.66
143213151553566.87
149720314115078.09
154586988107193.15
159509387423768.59
164904976707625.03
167640157268035.73
171748766104477.67
184410327653515.87
190193297716953.36
205373035389019.12
223218265153626.45
234380094189661.56
238163265270554.41
246387732516194.63
246921183172023.96
253356546306298.54
256617553131890.25
263492694166104.10
287324315102515.44
305658630205414.11
306920818103988.14
325918281375469.36
341952800152585.22
361194255301742.41
364950395630143.95
378772748429950.11
381816324439179.76
388303403246704.43
399791202341986.58
426827475138077.37
427023543264195.16
430429762876093.21
439815013543796.49
453945758267540.13
471857970244529.88
480704953406621.47
492413974467816.15
496793622788632.73
518109934472873.04
522284048216868.51
560802817172673.06
567546933115913.50
583581204123844.86
593771725591595.38
596735948404218.72
601866754150509.03
609357423540966.87
613510744161252.57
621333885360853.52
623544731187197.73
635752965649714.13
643780731129295.92
647684066530687.54
650275710382723.70
657717831344267.93
687986102619000.62
688045796661080.86
690445256196760.86
692813473105837.70
712686604119203.28
728010978660559.77
745820413130900.50
763126179583548.43
764284963717183.00
767923546188785.62
783558945135700.50
783558945358139.28
783558945538424.73
786411085139251.38
787760922319867.42
792126435504591.43
803192777130280.24
811375238142932.37
833743918155081.04
837956843400407.76
845007025145235.47
847566961138641.68
855602001178552.01
858732508332079.22
864088029188408.88
872643567313801.43
878534299388831.21
892000970542865.57
930363959661597.93
934000522112421.11
941366519148233.00
952391123203556.79
964957760150699.21
965364270349460.09
967522635188449.85
997660003185573.41
