102981320213770.93
106055610129085.73
132524384159095.37
137281364165453.55
138759230505405.01
159880267351055.06
162541070175279.65
167640157160402.44
171346863406733.86
194810104739135.09
200146461105398.89
223218265430586.81
229613819183462.74
231403051136403.67
242612545316054.53
246921183196084.87
269437650170583.41
275411499249454.80
280225069115953.63
281506639101631.30
300069649558381.34
302257891202991.15
336801473406433.44
345774001371429.79
346987419220882.67
360321320178388.86
364950395364605.59
367999686107104.40
373740433653131.14
388875201300342.43
408354382103642.58
453945758128102.09
455563512322631.93
459758995152274.68
467196963331997.60
472446118232845.96
489537808478580.71
491246623221279.30
506460140133251.48
507517153170136.11
509446156260647.21
516628786139534.15
526668130104820.27
527367550282028.70
533172258706187.84
548129152544181.35
550392053540852.43
553656369374083.07
555415591178928.25
556605206742315.27
556605206802931.73
560162315907668.71
562382583219532.24
564477851292920.99
571352753161317.45
578677978285330.98
583581204418310.13
589037736125618.88
607682491279943.88
614497745128015.58
639106352874083.27
647684066164325.44
680853772163980.86
684051160196189.98
687986102335855.69
722593429286724.54
742325919287511.57
742325919290097.44
744886514540272.51
753497183255343.57
767559506730635.61
772027421208571.66
781466316178594.01
798927628241243.98
799447416127001.84
800602389226849.12
801071882243711.30
803192777134401.36
807653867241367.03
813061542321884.20
815870915297514.12
832048507487380.62
833786644326426.11
834417306235821.05
843039617239859.65
843039617574079.91
865921924120806.96
877847577188906.72
885514539447194.80
890755827282103.38
905207705109503.36
905207705166115.58
914803330375946.90
920265619120186.62
930363959166875.71
935738051201529.89
938193381404827.27
954384924377717.18
969405609376639.69
978008602448006.55
