101156577337164.92
107304349570914.70
121001410196556.53
147626232484758.71
147949197103281.25
147949197371741.94
184883882101752.26
199568135109489.25
199568135556505.10
216594016125288.27
216594016785977.41
225086135655566.58
225300737663788.83
255906899270772.05
272709278407769.92
273918930208100.38
280661619178712.21
288996231131372.77
291250183655935.49
297711458121736.18
299692662232507.81
308056990368026.69
310454191475883.77
323848130112222.83
326213588214718.58
342896477583994.97
350620769116833.46
356708742393269.94
376923868192628.92
378772748494955.64
381816324753831.49
394019296222688.73
420096621213996.63
430429762522778.25
434306159121083.00
446572198607959.27
451898397242990.66
455730993385034.32
467196963384346.18
472446118685667.86
473901580268177.25
477127591911202.72
491246623252086.00
496793622145463.09
505967417579165.82
518109934110168.75
522078050143012.68
522284048172477.29
525926278383877.38
540275431131283.76
555415591234163.51
559506176145093.28
571352753229474.54
576488475540672.87
578256628823457.98
582433833308833.32
599199529316147.47
612217407227258.19
612217407288860.06
629853331278482.08
636087692107824.75
639863652749675.96
643780731263496.56
650825130108467.56
667125327440203.14
674269389204264.10
687986102178906.98
689530017298720.58
695721158105958.26
715079332657234.18
717732308441242.85
723153061680690.31
735952744137362.80
741714598150201.45
741714598439113.02
742107910346714.83
751107410192833.28
772153147106935.80
775647608133019.66
780564297286545.43
787760922208939.11
787760922707585.01
798927628226393.50
799493037109939.03
827692583285369.66
827936539603528.86
829088534152209.08
852391417453049.81
870308841463294.06
873722327223849.18
885613601655769.07
905129322130919.61
925380943894177.25
938586701334291.38
941706245540249.09
944771490230832.55
954384924390928.60
986919540751869.63
992366063131430.29
996402539167295.05
