100075100202250.70
101596937325089.35
109663353494932.94
110017382188319.53
112571729498515.29
150391254280555.61
153925503104507.21
155296524697151.28
163061073183385.54
174883568180954.62
175584179685753.02
200269226252560.80
232534761507204.66
233967114200862.10
240606459314732.99
244846436166033.85
244846436537146.41
246387732594296.37
250189385264946.00
285241161178064.70
286547825100067.22
300585303122666.87
300585303439525.91
302873488260405.47
305658630634649.02
327010449258869.85
349996174642504.38
360648093129390.17
367999686208773.36
374363533372429.19
375641375218723.72
383373004118072.11
394019296134466.23
394188633221183.99
396829952232763.40
416461717201049.84
426827475409644.94
458314948124450.99
469457644210720.84
472446118715565.56
477743286305247.48
508860646349681.48
511077882158578.99
511077882618408.09
519289907696610.01
571264525221261.67
572884241730378.16
577091859146331.83
578677978107015.29
589037736597040.90
591386815338725.50
597280119194121.48
607682491343978.10
614168147258576.68
621435036334322.10
647684066700523.82
655015427119107.96
669330235114076.28
678331562494372.45
689530017319070.35
708860887414173.75
719921851116018.09
719921851278345.80
724100989100471.10
728419424380374.12
735952744164983.80
742325919128629.26
743605154188307.23
743605154332932.86
743702952144826.85
765191526171365.90
767559506238046.70
768760990266665.04
790352185173236.23
792368394247687.87
794920973422808.89
795096195643222.00
800719960346960.00
807200119434363.60
807653867496310.15
826458235299633.97
838515118128411.66
838515118258180.71
848909968259889.50
855341876194918.80
870308841190087.04
873722327158630.78
878534299388659.79
884563373465604.43
890228256525069.52
906471339113810.88
911398268210754.38
914557218292868.85
929784486408108.81
981162480101259.29
982766375202763.37
982994214143844.17
993163024258623.11
993893498162182.45
998254744675092.86
