102417505271699.53
104518388138560.51
107304349282726.90
119026684548401.20
122793853423443.53
129875133520303.97
132524384294508.39
135196155213516.65
140787251439953.39
147626232130517.46
151020112351848.37
161415507330882.92
163061073147324.63
167640157345180.25
171748766102905.27
174883568223331.11
193711006478759.52
193711006609487.16
199152613490473.54
202824367101172.06
204235604336474.18
213071140676691.48
231214121118344.07
233179776136115.09
246387732470416.34
253545920861938.75
256617553431812.90
280903690196650.44
280903690270013.28
291250183356694.41
305747566113423.34
305747566283011.47
308106984105583.06
309594392180687.97
310445634537138.20
311939514507964.38
344397779263771.31
381543660578230.84
415625092634149.73
420541052122094.87
424507928233215.67
427992830193129.74
453945758199289.08
462462168100849.51
489537808260576.01
506460140169016.64
508251419153973.00
516473646100568.49
522274769154676.80
555401971111158.69
555790640106106.97
556537470114470.72
570950541324537.73
578256628618173.54
594043398709320.09
599814919557817.37
607424818141310.01
607784672157522.17
632295008289569.52
636087692664067.91
650825130425875.66
661371803277475.00
687986102138035.63
691505122560267.60
697507876570214.90
705077862568094.39
712686604163711.72
715079332442054.55
721700362572452.43
728066349368249.78
735416192153487.99
735815836177094.61
735952744300321.66
735952744419897.95
741714598479310.24
744111618245807.49
756409715242619.89
764423530255511.48
779898477395464.98
789835972454779.72
796309849129757.00
802764368298657.27
807200119108326.97
815870915420805.01
858732508209591.78
876982608247131.46
880075355489848.20
893441803815913.77
913977793214103.92
935560774115425.71
944771490200802.09
952827865634162.17
955829535174092.03
965364270150507.75
981166685158333.89
986919540157106.24
990095516616960.87
992484817195065.16
992775582566828.01
997918938124659.70
