110765917102010.36
113959481167432.45
113959481464757.66
117396658626529.59
118365161293300.67
145294573479273.14
153925503800232.02
156184156311417.37
157898134158721.87
157898134185444.57
178060486153123.33
197435531197568.59
211473251158126.74
212331880450215.62
213071140130882.37
214875375312562.23
225086135216238.95
231214121601590.99
242612545242237.03
247889291460638.98
268908366225411.20
269437650625935.68
278219696442569.98
282441191104974.29
284228307111284.73
310719616182518.97
314940761110598.26
327010449612897.00
334193213249443.13
335715381101792.41
356203328107065.42
359988945118703.55
363393550588082.56
366746235370414.36
375641375124980.00
383373004364431.32
390772134543802.02
394019296184259.60
394019296331519.08
430429762433921.34
434306159269579.88
450033863116850.55
454505347140700.01
455730993245594.79
456871046469279.50
460581703289802.56
469457644262093.79
469457644737722.43
469457644833351.29
473978837241496.97
476077303482706.72
499283581930400.99
503122533174092.41
506460140200070.73
516257727221147.56
522284048348128.83
540275431344618.70
548395241261845.96
566125962103908.45
568121813732653.50
572804719799596.13
576637740131376.59
576637740153301.13
580510726467705.52
585064535754857.07
585432648236188.85
590474012422690.48
591134335613119.38
599814919176124.30
624782179523490.25
650275710486701.29
655015427401214.00
669330235471716.39
692813473101654.42
696762410123725.60
697507876153240.65
714573514123607.47
722593429361714.92
772027421296178.01
779898477120573.87
799447416459433.93
803824523110397.00
807653867272925.78
832048507115127.64
833786644205413.65
853800531126631.78
855341876566312.41
864780379150925.15
878061989471247.10
914803330530622.80
923474867568482.60
933385473270905.44
935738051755489.16
938084343184182.97
938586701243201.13
939409678237331.84
947687206133650.90
967522635823860.00
981162480380792.50
984950748161401.23
