104518388455343.94
129875133152213.70
134195087361039.96
142695573487595.15
144086960165816.90
155296524110897.63
160594018129914.64
163061073151134.12
171748766225372.80
183691383801281.98
193262678305443.99
216594016759249.94
226296901591716.75
236848862391123.14
248284961394134.00
251687419466820.26
257911652382031.62
280225069414801.33
305747566735745.20
309594392873252.98
311939514135319.75
325918281843677.49
342896477236084.07
350620769108595.40
361194255614818.58
363593682397781.34
388235755189910.40
402889444112710.12
407116351335473.11
418304933183477.88
429444957229060.61
439202619324270.41
451898397236555.33
452907513185007.23
455730993213290.71
461009699168691.20
485170462212613.88
496793622887568.15
499283581155748.35
510064144721442.15
516628786273167.14
525926278196857.23
540275431340193.59
569486726216021.98
571352753826546.03
576637740462622.67
579977556780067.08
587327921337192.40
591134335113998.58
593634266355105.57
601866754332824.87
609357423157236.78
609357423569254.48
611824131263053.37
629853331485573.82
629853331594762.91
631229305284596.10
650275710104064.62
688934511130971.81
694666401238567.14
695721158452549.14
703509375148291.85
703711397335920.52
703711397556733.91
726534543177933.93
728290540533627.10
728419424118919.31
735952744295551.10
743702952103485.34
746772132970823.90
764284963510917.00
767090797231797.15
767560600208915.50
767923546111267.26
776612198331917.58
779898477509832.49
788874963313264.08
792126435157488.24
792744363308730.82
800263855146476.46
812469877324223.07
815870915166932.78
840052418634102.04
852391417520296.32
858096665132927.71
861170886432155.09
871712010881667.92
874448514217129.62
882053089154040.56
884563373318065.67
891172890217721.82
896259087202035.26
925380943783647.93
934000522582364.92
938586701635703.10
952391123113125.71
978008602453278.92
982994214208593.15
993893498107789.96
998943288392709.08
