102417505262143.92
109663353145389.48
139450583227876.59
140787251175995.26
149086189786785.39
152798968707432.50
162541070122975.79
163061073195497.14
167519799338784.99
171534295166992.55
171534295834127.84
171748766365483.11
174671762470161.99
193711006206271.07
213602432554508.27
227024004582604.02
229613819254654.99
236848862353496.81
246921183327243.68
247889291352826.64
257911652209245.27
270329525186155.45
280225069144890.39
299490674109022.97
302873488101411.53
317453153135800.06
318614657429111.88
334960441162130.79
342896477168432.67
366650656394173.00
378330817230854.88
383088531470655.41
388303403106956.10
404175752577479.43
424293071368263.45
425263826338775.00
433249952457142.84
467196963226793.79
469457644146548.13
469670122208202.89
472672595219882.57
473978837122690.81
494404564276515.18
496863696593032.35
505967417105786.55
507517153229860.12
509446156725546.84
510037513510504.52
519289907132488.30
522078050300062.60
527367550505748.62
544841969598461.75
546932506287651.34
550392053592047.10
554268365591156.64
560162315264742.72
567139088301779.94
573070853479140.94
573251199123838.14
575858400351249.93
578256628534839.55
579716532255234.99
585432648390340.46
597173782210418.70
598188631306346.40
598188631944303.36
616318415104073.85
621018422404199.50
623544731158190.80
637624644278040.03
643780731557856.84
645171319444434.42
654751100417840.29
657717831219633.76
711042412479376.73
712104267343711.64
734534344105729.67
742107910102612.37
742456291659984.08
743582967377113.40
743605154113211.07
744886514410000.51
772027421159576.93
775647608118276.04
799447416511501.16
829708620516366.65
834417306401189.31
892452887656224.54
896018940263524.92
905129322108246.95
905129322620982.25
905129322800467.09
910985395290129.04
947336821272667.30
958140136209319.96
978017109553071.44
981166685268670.20
986611199105805.73
988676105360262.52
992366063210090.08
