100075100316853.51
102981320253471.33
128053188602176.42
129254821303116.37
130187347142409.84
137281364437268.71
149086189151048.78
149673275268497.37
153925503931673.34
160631595292325.20
171534295327070.80
173696140146947.81
174671762198777.95
186382757241132.16
193262678587310.80
200269226519333.83
213974503239954.35
214875375535961.76
231403051589006.79
232534761204773.82
232668625822714.44
233179776147591.44
238163265117384.53
242612545203195.15
248284961374478.82
248284961386913.72
248938351103743.73
275411499686662.09
276903838168354.26
281506639253863.83
297711458657558.02
303129987336652.31
305658630592291.71
305747566143442.73
308056990379103.04
325918281111930.69
326213588676344.44
334193213749097.38
335537630108620.69
378497248279434.65
383648179325399.55
388235755130756.04
401214573520172.60
404967312167701.76
416461717275378.60
420096621101226.49
424426699188662.49
426198015314694.16
433249952826312.29
444632472587455.18
455730993273700.17
498548222227332.50
499053599107490.08
501284104320821.54
506460140239018.58
514855712410308.64
526668130243332.67
527367550510009.55
530289161241422.29
555415591154841.01
555415591448149.49
559506176115425.27
573251199373270.71
655015427451580.66
671538009102897.86
680853772743956.25
688045796100343.65
694666401683065.45
696737516419617.37
724554875129336.16
728581698261188.46
728581698406979.60
735952744266789.91
736105066136981.12
744719160185334.43
764284963128873.57
764423530134508.11
764766950302500.07
767090797300905.53
779898477625309.48
788376313592775.49
800263855179495.68
803192777343467.11
829088534616412.43
838515118140731.35
854673599210274.09
860583046738732.22
861170886542008.36
865845907538864.10
865921924156752.00
884826319641235.15
892000970725912.06
925380943332079.97
938084343100446.03
938586701690069.26
958776195251793.98
965364270583539.16
967522635134046.26
978836641500781.79
981166685386308.33
