113306414182246.00
113959481110330.06
119016727784469.41
155296524225805.77
155296524661345.61
165258260135178.83
168112199288331.29
169154377109875.51
174883568228682.62
184883882476218.65
197904816771768.11
200269226136131.04
200269226320629.66
213974503103168.57
229613819102937.00
234380094171553.93
236456055405298.08
236848862468349.04
252146182288855.38
260220807497877.80
266711588102274.78
270329525300217.57
273918930363652.01
281436615166552.14
289120238215180.92
291250183249280.91
302873488360426.32
310454191225101.92
322087967140449.21
335715381365895.72
356401591790768.75
366650656319646.64
373471525288467.24
375468241255049.50
375890823138563.03
383648179548421.84
387186313270636.93
387500606389073.52
396829952222009.94
404967312142808.47
416461717436348.26
422294374119691.53
454505347468995.60
470045158525816.57
472446118141141.31
488888112307326.57
492413974672308.29
508925718766916.21
525361683360647.31
533172258268320.77
544841969195768.35
550920165279663.45
556537470306031.60
566125962105596.25
567139088234383.56
573251199261400.46
601866754136506.13
622018493654969.51
631229305179750.12
636087692437889.03
638323057424839.17
643780731452905.42
666163731324626.41
669330235188919.21
672665835364060.15
677308025265387.90
683783421441937.25
688934511122783.74
688934511193358.24
692813473177706.09
696762410369176.81
726534543598533.07
744080844113089.62
766272564121014.90
771243486579236.45
773686797632497.47
783558945626209.62
787448057197591.95
787760922153418.48
788376313287119.54
789835972199584.16
799493037470889.00
800719960324320.16
816562775256027.72
826458235244195.92
827692583198646.28
829708620532149.53
844946410603795.88
860734034824018.18
874448514110994.90
878061989127930.09
905207705857751.87
923474867117747.17
923474867214350.54
938084343180733.15
944771490127707.08
953276484186745.69
955667028413788.09
980803054485070.00
997660003209934.38
