112571729543477.93
119611116404852.43
131320092209165.75
138693034119110.77
138759230614376.01
140787251131479.72
140787251340408.09
155306319600712.32
156101978306983.30
167002917414589.15
168112199404261.44
171346863391750.07
183691383711220.91
198855106487206.63
231986561203126.39
244846436578883.28
248284961906990.83
248938351146543.91
249420279500608.43
250503993187596.47
253356546643709.06
268908366526858.58
280225069110556.99
291250183121541.51
299692662134225.00
299692662402169.82
311939514627163.76
315846409500758.87
322087967206696.04
342896477486763.31
347982043216767.20
356708742627393.98
359988945554686.13
373137581752847.18
378162833113922.94
387500606268741.88
391123961285143.77
397308858131071.43
407116351139213.55
424426699331954.92
424426699621008.21
438571031170963.31
450033863186698.06
456871046203032.82
458314948294775.37
459758995601344.69
465082059143094.06
469457644247272.59
473978837528175.15
493683428399500.34
514855712195770.36
525446383163621.72
533363124571453.17
548129152134650.32
549249535405106.71
550920165117127.30
555415591123867.12
555415591315628.30
571352753307495.11
597961118137425.42
599814919149537.77
613510744120883.67
644375478218820.93
663099628480590.51
668975990169517.10
692813473103315.98
697268393233586.90
720735142491510.22
742456291166134.27
751107410229068.39
751107410417351.21
779898477688784.87
783558945114304.10
786411085134733.00
787277561163434.69
793913439434073.17
796309849228816.95
798927628353434.85
799447416149126.72
812469877473655.27
829088534142190.98
832048507174132.70
833786644476051.48
860583046103807.05
860583046263253.18
864088029301756.22
878534299282944.88
884826319120833.12
884826319715528.81
916303780201881.14
923698643711765.90
933385473829983.96
935738051120141.28
949634743455233.48
955667028242603.22
957987877211754.25
964957760808742.36
982766375148177.92
986310355284440.54
986919540175185.00
