110765917353729.48
119016727693160.84
132524384112570.69
137709375380312.60
138759230357051.43
142695573177708.27
143616141779629.85
145294573514564.49
149086189251021.00
155296524197229.56
155306319162305.48
163061073257670.27
167519799341355.66
169154377516816.41
184883882422970.33
200675412161540.53
216594016485754.25
233967114368524.76
246395504274840.45
252146182583386.28
255125620154884.89
260220807102693.69
299490674503975.18
305747566340072.02
306920818110496.98
307552687299926.00
311939514227961.45
342896477108384.60
356708742412950.24
363593682130691.20
364950395825325.79
367999686173136.60
374363533225254.40
381543660303407.09
383648179470930.38
396829952559397.02
406053005545025.72
420096621518684.29
421251419201793.12
424687486241034.85
426827475455259.68
428026116177960.12
431781818381666.32
451898397748135.62
468868295348781.17
477605614123513.29
486364990479522.30
487578976200384.35
496808525129231.33
510064144101975.30
516628786546345.44
522274769530376.39
549249535113816.64
555415591872035.67
557278620173960.78
583581204507500.16
585064535723800.70
593771725713226.91
596116932727380.42
597961118186876.77
599149683313551.39
614168147328491.05
621333885321949.25
624782179142170.32
654751100251989.01
655015427149800.29
669330235431023.03
674252723204205.85
680853772537551.53
709753591208649.09
726534543276524.27
726536216416846.19
728290540109508.75
735815836459925.54
744111618513446.87
747484841158242.80
749024226177612.46
764284963390236.75
779898477120155.33
780564297276371.15
786411085111115.41
795096195579195.23
798927628153323.46
803824523128100.71
807653867799951.74
812469877881380.07
829088534195585.67
844946410219986.77
885514539110348.61
893082188440304.63
920265619224406.47
945122047406536.16
945122047425290.03
947687206281667.25
947687206470583.87
953276484245088.63
953551961415493.96
955667028123226.21
984950748491797.94
992484817647953.69
