101596937203737.15
110017382386250.93
112571729644706.64
113959481609313.05
129551756174641.92
151926654118598.34
155306319258102.80
161100836602733.27
164904976110326.16
173696140235163.66
185152448294760.71
197435531377977.17
200675412593538.25
211473251443823.95
213602432200106.82
213974503145761.01
214875375101555.50
216594016414246.77
246921183219821.57
249420279142559.09
257911652361616.38
269555399179934.71
276903838497798.61
281436615102182.89
285241161681086.22
294948581555157.89
304435923316502.72
306920818170436.25
311939514707502.31
317453153386146.30
327010449259416.85
335715381635080.10
340842280880432.52
360648093143231.01
373740433107819.23
374363533172523.88
378330817908654.08
397308858454956.08
399791202284042.63
404967312226391.09
408575433153952.42
408575433255742.44
417123406684136.11
418304933226806.34
419600217274934.29
438571031172654.49
452907513109186.58
455563512461225.04
467196963234626.53
473901580411137.10
476873067360846.96
492413974138757.87
498143404810835.73
504584172633807.44
510037513393473.86
525252585367804.55
533172258114590.39
544841969499450.97
548129152249607.01
555415591281875.78
560672299597592.40
572804719426306.98
572884241271581.03
576637740183524.73
579977556100339.28
582433833152713.88
585064535167743.82
621018422120734.99
631229305215547.71
635752965438766.34
640296389875877.92
647684066104455.07
678331562145795.82
717732308479082.14
732987378117011.75
737774362347477.24
741418570128039.42
741714598100327.47
743793189789641.75
773516741184877.07
776612198106549.56
800263855277547.77
802764368107159.85
838515118587535.15
848425763591639.57
872643567524106.41
908450089136238.18
919783045157321.00
924747060402367.36
925380943193903.90
929784486207369.59
944771490100395.02
954384924157328.08
957987877222003.11
965364270147273.33
966461342765300.42
979709064227392.48
982994214661951.90
988676105279574.42
991842459626646.09
