121946888149235.57
140787251904972.50
147626232146656.98
151020112154048.72
156184156202005.71
167519799130776.32
174883568113607.72
188334686111860.49
193262678911468.41
204235604516133.44
208898303115237.57
213602432228659.67
216594016421496.56
229613819225759.82
246921183166125.17
255125620337208.25
259683861142587.11
259683861267331.14
275411499417240.54
280903690614021.46
281506639619780.38
284278668637160.01
286357906818400.76
286547825573511.88
289120238627760.85
291250183351259.00
294948581375214.53
299490674100923.09
299692662356830.66
300585303454439.37
302873488354078.12
318614657122501.38
318868292865052.50
336801473509609.94
347982043316625.30
356401591529117.31
373740433196734.39
383648179328474.20
408575433156766.85
426198015345067.05
427992830253741.29
428026116603109.80
434306159297617.15
439202619421270.98
456871046317037.00
458314948541717.16
460129470278485.56
499467860679104.81
502176650128327.04
505731999114119.61
516628786393434.65
522284048728421.25
527367550119983.19
546254123353434.80
548481212448913.06
564933553181569.87
567979109105038.18
569486726382612.19
570950541455454.25
573251199130568.07
582433833416924.90
593634266141358.27
593634266474900.75
599199529295748.83
604314812337104.59
607784672109969.62
623544731118989.73
636087692307720.06
674252723246718.62
697268393555268.95
715079332331865.21
732987378619310.19
746772132155781.41
746772132180153.27
756409715251657.65
764284963258909.86
767090797174923.36
767090797581529.49
771243486246410.15
787277561340640.51
788874963283108.31
796309849157546.13
796309849262120.75
803824523637489.24
804704037360132.43
813061542252288.60
813920518687607.89
873983543278220.38
877847577122203.99
884826319260067.32
890755827151030.28
893082188289512.85
905129322144970.05
905129322781607.92
914557218472111.72
916303780473709.12
924705809573066.65
941366519255370.54
962693075125297.13
995876448152329.07
