103880243735816.65
121946888253814.03
131320092161862.08
132524384113882.39
143900095124447.99
149720314181494.55
150753271540381.54
154586988636925.31
167519799131444.75
167640157105206.07
171346863131018.10
176108647637523.40
189515767337889.03
190193297556411.23
193711006216555.38
199568135122753.38
200675412350519.26
208252813927344.55
228054518200581.87
229613819141377.03
234380094168540.76
244846436207687.52
289120238634842.56
302873488118697.84
310209435143485.87
325918281302705.76
356708742445015.21
366746235160865.54
367999686310673.83
373777889322320.22
375468241225381.46
378772748103438.54
401214573632790.58
406053005139786.02
417123406191219.48
420541052436139.84
424426699616852.61
427653658102622.54
427653658129774.61
427653658589497.59
446572198583142.29
452907513148007.23
459758995386805.18
460384223234764.75
472672595361588.44
477743286107961.91
480704953659444.93
488775063224062.40
490775374110298.46
495390908235905.67
496863696179011.17
508925718333377.57
515516619628364.69
516257727135298.00
541413187325755.45
572804719161479.14
572884241524777.51
573251199292878.11
578677978258650.82
579716532200848.70
582433833913050.45
593771725608125.13
599601333234942.13
599601333404022.83
623544731194014.55
639863652495530.90
650616593584026.13
687844703130541.17
703711397461287.33
705077862262289.34
724554875111916.55
736105066144426.37
741418570100216.66
741418570431498.93
744719160382463.55
744886514307942.54
749024226131807.62
766272564638572.63
788376313138624.26
788447113110484.28
800263855291518.15
827936539542574.21
844946410180507.32
852391417138952.10
865845907858094.19
876982608106792.36
878061989461778.01
891172890272210.11
892000970163164.79
892000970306680.04
892000970350523.12
893082188195426.18
896018940100721.78
919783045552602.45
924747060327002.92
944771490163840.34
947687206124199.09
957987877104093.33
991842459667684.43
998943288180811.70
