111681384168463.19
112836089199097.47
132524384104221.89
132524384319034.71
134053382172811.40
138759230166093.68
151926654100059.04
160006487324902.50
163061073328952.67
169154377158891.50
169154377233392.87
177731427694731.10
190193297374268.76
208252813690508.01
213974503836202.26
225300737148094.51
231986561402826.11
232534761126341.09
234380094116420.61
253545920480762.25
260220807544710.56
272709278306905.38
276903838598810.05
284228307467166.85
297330673797766.16
300069649123522.73
302257891352723.14
308106984138184.12
310209435444126.22
318868292379049.00
331804862153233.98
338290715160416.74
342074651314430.55
366650656170538.46
375468241486810.38
378330817313216.08
394019296179568.19
401214573411214.80
406053005204392.23
461009699428904.41
468868295229676.91
470045158273298.65
476873067879921.82
488775063310439.78
494404564105725.78
499467860516614.51
514855712554623.29
517678399350289.57
525926278470577.85
533201440326379.82
550920165226894.57
554268365155360.37
555401971103256.82
564933553140576.56
568750929125999.58
572804719174861.98
575858400552461.98
578256628100644.17
578677978333249.42
597173782341809.18
597961118102326.18
599814919107943.56
612217407307592.47
621018422285892.42
628095494321379.68
631987283248530.77
632481654100279.00
632481654434856.23
663099628619466.38
668975990336091.13
687986102260112.50
692813473136717.81
705077862284341.18
728419424332627.40
741714598102721.74
742456291168278.54
742456291784331.74
743582967224101.13
746772132109283.76
768760990399245.00
775647608103773.02
787448057485154.49
788874963485443.94
803192777337417.93
813061542238448.17
820522612411605.59
840052418726649.05
840052418759978.68
842240339120398.69
882234971145641.61
896259087379434.59
903491103676404.68
929784486105615.64
935738051124863.25
938586701427757.82
947687206505919.87
966461342186105.07
979709064195498.35
991842459206309.53
998943288527308.96
