102260703602418.32
109663353286146.73
147626232345541.61
155296524100918.95
156101978141702.87
159509387222082.44
159880267377706.62
159880267467873.18
160594018364637.37
161100836265470.92
167002917568399.94
171534295748830.52
182774156863564.93
184883882209825.38
198855106463139.40
208252813139590.01
247889291134530.31
248938351110548.59
252146182207703.26
274765790145494.89
287324315668814.70
303129987174818.14
310445634140689.11
314940761156182.67
327010449272146.35
329371056108366.55
336960695289140.56
344397779311780.45
356708742239235.76
366746235118635.65
373471525104120.62
373740433585714.08
383648179842338.82
388875201671519.51
396984280428384.60
397308858407346.92
407116351255278.08
407116351432272.04
413082880240248.61
417123406212906.51
436541345277170.79
439815013170637.83
444632472246947.45
468868295166071.55
469670122362846.04
473978837132327.26
477127591350640.12
491246623159274.69
492413974478146.78
492413974489298.42
498112669435642.75
499467860449522.75
501284104673164.13
503122533444803.60
508739487166310.84
516473646715893.00
525446383396374.84
530289161442137.17
546932506181217.68
571352753220227.14
594324319222566.52
599601333250167.87
616044848120632.82
640296389405323.39
647684066466567.87
712104267100354.55
728419424473230.55
731333851179166.77
732987378163495.24
742107910140320.85
742107910384216.29
744719160237415.07
747484841184076.78
755416563243990.83
767923546101107.98
772027421322154.24
774369338244308.29
781466316221788.10
788447113213304.47
792368394124763.53
799447416112207.62
803192777701957.97
803824523122847.98
805107938715311.05
811375238239560.45
826458235203951.58
834417306357791.41
848425763185602.98
854673599165799.22
858096665107953.58
860583046317558.73
871712010752221.47
872643567329491.38
878061989910359.27
893082188551745.52
905207705404972.10
937277590350477.96
967522635281367.47
979709064420722.80
992775582688395.94
