102981320316086.59
112836089333691.53
117228782406846.03
119016727521302.82
129875133679252.52
134195087172045.23
139315404400450.99
143900095367635.34
149086189311057.83
150391254326973.81
155296524225959.07
162541070321672.91
163061073220480.93
167640157201138.00
174671762104862.99
176108647289651.22
208252813144210.72
213974503206393.54
227842032404274.61
234155102706277.89
249111475241457.89
253356546157114.04
255125620393036.81
286357906733856.77
286547825161696.25
288996231562505.08
289120238550768.13
299692662312981.79
300372299469210.61
310719616321738.57
318614657442188.04
319656394216629.92
335537630571671.78
374363533433731.00
374363533681670.47
383648179118651.42
394019296255199.20
396829952361510.72
404175752364805.99
418405168562983.03
427992830474808.02
433249952304421.06
439815013118746.02
453124762735227.83
453945758226335.07
455730993230581.92
466227501164434.07
467984196784444.70
469457644298502.45
476386452403704.98
477605614188688.55
508860646532542.63
544841969363803.21
546932506146828.66
549249535149603.88
554268365275079.27
555401971317297.47
555790640339868.27
560802817739823.97
573070853372129.23
594043398225784.76
604314812660809.18
609956325129452.55
636087692301580.20
640296389580530.76
663099628224293.82
668975990205555.47
680853772528511.36
687051228181582.67
711042412321217.62
712686604276406.07
715745746533177.42
717732308226049.45
719921851251027.02
725651968475597.24
727460616538912.66
741714598153200.11
741714598221997.01
743702952215073.58
743702952498246.05
763126179100079.85
763126179727680.33
776612198372130.11
813061542525816.07
847566961187978.67
866362412170240.62
875501767209236.64
882053089349463.38
883906066482933.11
884563373184142.78
903491103108104.05
908450089382004.82
914557218393746.26
914803330577742.10
939409678656852.79
947687206151399.13
954384924177235.91
957725074313995.81
992775582100698.73
992958791697007.28
