111681384113146.30
111681384464559.01
112571729165784.55
121001410324695.55
147949197427038.94
149086189224769.67
150753271791126.53
151926654547071.88
154586988539614.82
155296524445089.87
155306319235241.90
155306319534814.49
171748766351416.69
194810104275763.76
197435531361749.02
202824367377195.43
212331880383532.63
229613819688518.43
232534761162544.07
270329525150443.36
280225069524500.51
288996231489826.61
303129987255602.48
309594392314680.10
335537630102255.19
351530440263923.33
363593682458266.57
366650656150256.31
381543660401201.12
381543660490005.17
390209274739192.56
415945167198741.14
422294374244079.88
424293071292904.78
453945758650126.26
455563512434715.00
455730993119283.02
473978837302096.61
495390908843402.92
506460140353181.84
507517153350975.01
510037513444062.21
516421257387450.67
516473646525657.65
518109934366998.34
525252585169414.67
525361683391280.27
525926278100003.18
526668130495101.49
540275431248440.40
544397782142605.81
560162315333253.04
567139088102039.85
568121813189502.05
569486726194459.25
573251199417847.29
575858400176452.65
576637740542011.11
577091859176249.39
578299020110765.20
590474012164423.89
643780731178593.19
674269389296077.54
680853772205049.97
688934511759692.16
703711397428532.07
709632903654237.48
723153061190929.08
733212816303972.31
740892337108579.88
741714598104682.34
742107910382984.24
743582967423460.54
744080844120755.85
744719160259134.00
747484841111177.78
747484841268660.75
766272564108406.38
767923546279353.86
773686797548352.38
788376313478492.85
795878382357310.04
798927628157494.96
807200119563906.69
812342285171199.07
813061542117250.46
834417306167337.97
852391417145111.76
890755827159329.45
899424928159282.59
899424928307093.87
901355839380085.67
911398268108836.25
919465042579623.80
924705809289934.83
938193381354503.63
947687206112031.61
953276484473543.76
961832280158888.65
971155310106649.90
