101596937782264.77
111681384415811.40
119611116429589.52
121001410774973.90
122793853410641.53
127662812176167.01
143616141492605.29
145294573744163.68
149720314136306.22
150391254200945.83
160006487685456.38
160631595643918.37
193262678139598.65
199152613484360.95
214875375297248.06
225300737186591.67
246395504509241.00
252146182143827.67
253356546514393.91
273918930151586.23
274765790185746.31
294948581454216.44
297711458157780.57
308106984242823.82
309594392179456.01
311939514464938.53
328354088132100.89
335537630319611.28
337491743160328.21
344397779129163.98
356708742289758.08
360321320100035.45
360321320333479.11
366650656663640.90
373777889435595.91
378162833119708.96
381816324340590.05
387500606481265.86
391123961173056.18
413082880722828.25
417123406114285.70
419600217153775.12
425836396124025.85
427023543348574.56
439815013494247.85
453945758516480.86
462764033218807.96
498143404639982.53
506460140484065.95
515516619618526.29
516628786459787.00
540275431421634.46
544841969469878.90
555401971225989.66
556537470449509.26
557278620176976.68
564477851351552.10
576637740671668.62
579977556188905.60
597280119417690.73
599601333374967.24
611824131108227.65
631987283153979.33
640296389164938.05
674252723132534.32
674269389164789.83
705077862122022.04
708860887591412.38
711042412362610.00
717732308543820.33
725651968241050.03
735952744203140.50
737774362555202.81
763126179351764.01
795096195118771.92
799447416605682.39
803824523239122.01
807200119241287.58
812469877396586.89
827692583140113.58
844946410127710.83
846251855133727.67
855602001435802.63
858096665403930.72
858619365107271.78
858732508265293.81
885613601114733.76
916303780132102.66
919783045145687.47
948481987108147.66
951461889122577.45
955667028189107.07
958776195227120.98
967522635158859.28
980803054126540.51
981166685479284.34
982994214382272.12
992775582183924.94
992958791359711.62
992958791375938.56
