104518388757749.60
110765917780920.86
122103994288509.54
122627851832438.68
128053188142728.20
130353627106133.77
137281364365456.39
150753271622080.89
151926654211525.44
161100836199715.93
184410327385270.27
197904816688649.84
199568135103947.42
208898303116114.88
212331880151193.90
214875375426469.25
225300737128943.54
226296901268772.33
244846436107042.84
251687419563643.33
253356546265803.25
256617553191098.42
260220807560823.84
263492694180403.02
266711588390468.02
281436615277102.56
281506639138208.83
291250183269382.45
305260427420196.66
308106984628950.10
309594392559738.52
315846409108274.31
317453153436139.35
373471525100954.38
390772134445544.26
406053005164884.85
408354382283183.94
413082880204068.39
422294374260190.59
426827475154264.70
453945758286552.35
476386452429515.45
489537808341406.82
489537808514033.57
505731999232327.79
506140362170330.62
515516619293673.76
517678399265236.26
522078050583979.92
522284048179042.71
523628542537137.64
532472558163904.55
544841969163665.80
548395241891535.51
553656369109095.78
555401971136454.96
559506176126920.13
574605206356254.75
576637740134091.82
582433833305710.59
582457800103047.92
585432648325213.77
596735948643410.15
611824131753635.56
614168147195695.95
616318415178943.80
623544731139130.99
624782179435376.69
632295008391050.75
636087692651096.92
639106352429912.77
696737516327701.16
697268393271249.31
703509375116058.03
715155736252044.26
715745746429747.23
740892337146469.02
746772132192317.52
750482494447473.36
798927628301551.70
801071882314099.45
807653867226103.49
827936539103082.93
834417306228539.55
853800531395354.62
858096665595327.78
866362412221583.39
882053089549939.70
893441803134062.28
896018940140678.10
899424928399205.19
899424928669872.11
903491103125710.53
911398268396450.25
923698643123141.42
945122047119888.61
949634743139382.54
978017109521078.80
979709064125756.47
981166685294601.25
