106055610687657.42
110017382157932.59
117396658287835.42
121946888121340.82
124915162403362.49
130353627105383.32
130353627396637.17
159509387689996.63
159880267155527.02
160631595142871.17
174878306138989.68
188334686158677.22
189515767107423.12
197904816432617.73
200146461122021.95
200146461399616.75
200269226223557.56
202257991256306.33
212331880129292.24
227842032202597.21
228054518204924.22
234742004363547.78
236848862106312.55
240606459127493.45
259683861583544.10
270193205414098.30
276903838184262.45
299692662200270.70
302873488240574.77
310209435248364.36
310454191551398.89
319656394526027.58
376923868124654.32
383373004505938.53
388303403258270.45
396984280112991.44
402010932139443.15
416461717468107.40
424293071665976.96
446667759202403.11
453124762226754.42
465082059116119.42
467196963899572.36
476386452425130.29
503832403292779.96
503832403464877.16
508251419237839.16
509446156137882.31
519289907292410.73
522078050278480.24
548395241163682.95
555790640516575.29
572884241214804.70
576488475241517.20
579716532276181.82
579977556264354.78
587327921574346.99
599199529113676.88
614168147398813.44
616318415218957.62
621435036188745.65
629853331152256.54
636087692117816.26
654751100214892.71
657572634106712.94
687844703325969.23
696762410249653.46
700404816275318.26
709753591236399.68
712104267178366.00
724554875103057.14
741418570106934.22
743605154232394.71
745820413137541.38
767090797161687.16
773686797137247.65
773686797260149.41
779898477885653.46
787277561248638.27
789835972397977.08
807200119506320.55
815870915254802.50
838038767165290.70
838038767933827.58
846251855114069.79
852391417870402.51
871712010631500.00
877847577492126.49
884563373348718.88
895334626312219.80
929784486169232.93
947687206491590.09
952391123500846.20
954384924378857.95
969405609178024.43
992484817201211.43
998254744255912.75
998943288104027.23
998943288397324.10
998943288679941.05
