102260703346954.73
113306414641107.30
117228782820480.00
122103994182369.57
129551756385201.36
133904151105057.63
150753271679022.99
152798968489459.11
160631595102916.00
160631595143186.67
185152448102717.75
185152448136938.63
185152448193770.19
190193297103606.17
200269226413017.24
202257991170803.19
211473251431323.45
213396943921480.20
228054518185234.77
228054518189622.38
233967114107213.39
246578626289038.37
280225069140193.63
280661619133597.08
280661619187300.03
282879114169521.69
284151821349377.83
286357906113164.77
287194096550066.58
287194096577128.27
294948581478191.15
294948581600717.77
302257891509094.59
304435923815043.39
310719616109099.06
318614657201835.42
323670838103330.76
342074651456759.39
345774001119781.59
350620769148535.34
373137581293010.10
373740433203088.43
390209274584585.09
394188633345477.06
416461717573109.70
421251419356523.17
434306159335454.48
451898397116347.57
459758995578686.65
462462168148036.07
467196963509789.21
468868295277027.27
476873067162426.49
477605614179362.48
490775374192233.97
496863696133255.27
499053599141553.00
502176650141701.88
503832403254131.25
505967417116918.40
516257727276976.48
544841969458160.43
555790640322133.72
556605206504494.90
567139088124586.70
569486726624232.21
571264525436404.99
573070853302632.83
576488475136098.96
593771725307318.81
596116932312328.59
597961118240084.72
628095494270946.14
632295008372810.21
639863652196016.13
640296389212497.97
655015427182910.75
687844703159604.62
689530017119666.00
697268393226393.59
744886514440474.54
755416563569491.59
768760990129178.87
783558945157160.51
792126435244740.82
796309849201413.39
800263855327428.15
803824523100505.95
816562775127107.70
826458235269626.02
832048507537950.25
848425763265430.52
877735379177383.99
885514539200089.09
908450089367077.81
933389717147971.31
964957760384828.87
971155310286536.08
971155310466852.11
997918938304687.89
